(41000,213828327971,448,640,880)
(41001,213830424099,384,576,676)
(41002,221249965829,384,512,676)
(41003,228761710348,448,1024,844)
(41004,228759645964,256,576,592)
(41005,209736878860,576,1152,986)
(41006,210005313292,512,1424,1110)
(41007,209803860754,544,2792,1054)
(41008,209803860748,416,2144,1030)
(41009,210005313298,384,1136,882)
(41010,209736878866,256,768,702)
(41011,220145192716,576,1504,1018)
(41012,220147257100,448,1328,886)
(41013,213830377228,448,1344,988)
(41014,213830377234,448,992,880)
(41015,213792296716,448,768,816)
(41016,213705592588,384,768,832)
(41017,228761743114,448,1024,852)
(41018,209736877844,560,2064,1150)
(41019,209734781716,496,1848,1242)
(41020,210003216148,384,768,854)
(41021,209801763604,384,3028,946)
(41022,220147289866,592,2120,1122)
(41023,213828280084,384,1216,840)
(41024,213703495444,384,1120,924)
(41025,4467631601302,256,2928,882)
(41026,4673783489957,352,1296,768)
(41027,4536881407397,352,2328,996)
(41028,429818930597,352,1448,764)
(41029,4467631601429,256,864,728)
(41030,4536881178036,256,2196,924)
(41031,429818701236,256,576,432)
(41032,226614615841,384,512,728)
(41033,226589462305,384,768,688)
(41034,1170995619043,352,1280,688)
(41035,1170993522915,448,768,608)
(41036,4537908255533,256,1216,568)
(41037,1171008195811,384,768,576)
(41038,636198997805,384,1152,552)
(41039,8867507824867,384,864,528)
(41040,2270473692387,256,1872,632)
(41041,4540055350061,256,1664,700)
(41042,4540055350067,256,2088,596)
(41043,2272581307181,256,576,644)
(41044,1254405844781,256,1392,620)
(41045,1666745226915,448,640,528)
(41046,1666745290403,384,672,464)
(41047,1658180572835,256,256,384)
(41048,1658155419299,256,384,552)
(41049,1666745218947,352,720,576)
(41050,1658155411331,256,576,616)
(41051,1188662650259,544,960,934)
(41052,220147811918,528,2280,1070)
(41053,233031681614,544,2064,946)
(41054,1188662646419,384,864,766)
(41055,1658180703651,448,1120,608)
(41056,1666803994531,384,512,464)
(41057,348521933011,384,512,464)
(41058,1666745292435,384,512,464)
(41059,221283550414,472,5604,1064)
(41060,243823756494,512,2880,860)
(41061,1187052037795,416,960,1004)
(41062,221270967886,384,2088,774)
(41063,251268646478,384,2448,814)
(41064,1188662644387,384,864,828)
(41065,218074908238,512,4370,1082)
(41066,243811173966,480,3288,958)
(41067,1666745296275,352,896,672)
(41068,1666795612051,352,880,576)
(41069,1666770457779,384,576,544)
(41070,1666803996563,384,384,464)
(41071,1658155615635,384,768,736)
(41072,1666745685171,256,1152,648)
(41073,1666745423251,256,1504,672)
(41074,1666795736995,256,576,520)
(41075,1658205865891,384,1280,584)
(41076,1666804008371,352,1056,672)
(41077,1666796004787,256,2832,814)
(41078,1658206324147,256,2592,758)
(41079,1187051529267,256,1680,860)
(41080,1172036699187,256,1376,836)
(41081,2269498386317,352,912,576)
(41082,2269506643853,384,576,464)
(41083,2269506770829,256,256,520)
(41084,620296182171,352,960,632)
(41085,4468582164397,256,1280,496)
(41086,1666770378531,256,384,384)
(41087,221279356238,512,5346,1026)
(41088,251277034830,512,2612,814)
(41089,1188125775523,448,1152,900)
(41090,1666770384291,384,768,544)
(41091,1666803931043,448,896,528)
(41092,1666770574755,256,2016,648)
(41093,1658214123427,256,1536,552)
(41094,1666833354163,352,1152,640)
(41095,1666804389299,384,2016,704)
(41096,1658214581683,256,1152,624)
(41097,1666921306035,256,960,496)
(41098,3299476730651,256,704,496)
(41099,1245945492251,256,3832,760)
(41100,1179535459379,256,1248,712)
(41101,1172049085491,256,1376,684)
(41102,3303234812525,256,2064,580)
(41103,1658243483059,256,1440,684)
(41104,4469509241043,448,640,528)
(41105,2338987608301,256,640,496)
(41106,4540055481127,256,2640,692)
(41107,220147811562,464,2832,1104)
(41108,233031681258,480,2496,992)
(41109,1180072969863,448,1440,934)
(41110,218000590058,384,2000,808)
(41111,226590016746,448,1808,872)
(41112,219668743530,448,3180,1018)
(41113,249666422122,384,1800,782)
(41114,1658180965927,384,832,464)
(41115,1666804008727,448,704,528)
(41116,1666745296519,384,384,464)
(41117,1658180769415,256,384,384)
(41118,1658155615879,256,576,584)
(41119,1666745685527,256,768,512)
(41120,1666745423495,256,1088,600)
(41121,1658181162151,448,960,608)
(41122,1666804008615,352,880,576)
(41123,1666745689255,256,1056,668)
(41124,1666796005031,256,1392,632)
(41125,1658206324391,384,576,520)
(41126,1666804000647,384,672,464)
(41127,1666745427335,256,1600,716)
(41128,1666795743111,256,1296,584)
(41129,1666770392615,384,832,464)
(41130,1666833354407,384,384,464)
(41131,1666770588839,256,1872,696)
(41132,1666770842791,256,1248,616)
(41133,1666804389655,256,1344,568)
(41134,1666804389543,256,1608,616)
(41135,1658214581927,256,1792,616)
(41136,1658214582039,256,864,488)
(41137,1666770850871,256,2064,640)
(41138,1666804127623,256,1544,600)
(41139,1658214320007,256,1520,584)
(41140,1658181160231,352,912,640)
(41141,1666803943207,448,640,528)
(41142,1666833288999,256,384,384)
(41143,1658180715815,256,1424,728)
(41144,1666804387623,256,864,488)
(41145,1658214516519,256,1088,568)
(41146,1188662141975,256,1680,832)
(41147,1172049282071,256,1376,804)
(41148,3303234812281,256,4024,684)
(41149,1666833360279,384,1376,544)
(41150,1666804393383,384,1936,672)
(41151,1666804401463,256,1632,688)
(41152,1666804139431,256,2356,784)
(41153,1658214712743,256,2224,736)
(41154,1658331629479,256,1120,536)
(41155,3300013599515,256,704,536)
(41156,1245945490219,256,3824,770)
(41157,1245945492139,256,2320,640)
(41158,3303234826365,256,1392,472)
(41159,1666833485223,256,2344,688)
(41160,1658243614119,256,2488,692)
(41161,1666933888919,256,1184,512)
(41162,689747228108,256,1392,592)
(41163,1666933900727,256,1152,688)
(41164,689747221992,256,2280,736)
(41165,619287604005,256,1024,600)
