(106000,207107657195,256,1152,480)
(106001,2749591818731,256,864,472)
(106002,688109556939,256,1936,468)
(106003,688060009803,256,2152,468)
(106004,4675359427931,256,384,352)
(106005,8938108662875,256,384,352)
(106006,721836225739,256,2160,590)
(106007,9346667941707,256,1872,532)
(106008,4949163593051,256,1552,472)
(106009,4675359808859,256,768,448)
(106010,4950229327195,256,1088,472)
(106011,2751331505627,256,960,540)
(106012,4956679771611,256,1088,432)
(106013,6599504762331,256,992,432)
(106014,688109360715,256,384,468)
(106015,688059489355,256,2704,548)
(106016,8938109191291,256,384,320)
(106017,721836746187,256,960,558)
(106018,9346666976843,256,768,516)
(106019,9350425517147,256,576,432)
(106020,1683908828267,256,960,558)
(106021,9354720024267,256,864,488)
(106022,1658262326651,256,1440,480)
(106023,4952435133819,256,640,384)
(106024,3301087317371,256,960,540)
(106025,5506435583355,256,576,432)
(106026,1238303878315,256,256,256)
(106027,1238304408763,256,256,320)
(106028,704654675435,256,576,440)
(106029,4537912987115,256,256,256)
(106030,4537970694635,256,704,384)
(106031,704712382955,256,1056,504)
(106032,2339014547947,256,512,320)
(106033,224423644907,256,576,424)
(106034,224423136379,256,864,488)
(106035,223633018347,256,512,320)
(106036,1169180134779,256,576,400)
(106037,4948619234795,256,384,424)
(106038,4948676942315,256,1056,540)
(106039,6601639565691,256,864,432)
(106040,2749720795627,256,768,432)
(106041,688105362763,256,2140,556)
(106042,4537920855403,256,384,352)
(106043,4950225132907,256,576,520)
(106044,688117749067,256,1296,556)
(106045,1238303886395,256,640,384)
(106046,2341036723515,256,704,416)
(106047,1254409489723,256,512,448)
(106048,224424103163,256,864,504)
(106049,1169112534331,256,1152,560)
(106050,2268590607675,256,576,352)
(106051,3299351301435,256,384,520)
(106052,1186495319227,256,1152,440)
(106053,1186496318715,256,640,400)
(106054,3299888172219,256,384,352)
(106055,2272448843195,256,864,504)
(106056,2285233081787,256,512,320)
(106057,6601643756987,256,576,480)
(106058,3315993775547,256,384,432)
(106059,854901949663,256,576,480)
(106060,884899628255,256,384,400)
(106061,413241214047,256,384,384)
(106062,206977934951,256,256,384)
(106063,413358130783,256,256,320)
(106064,206978172015,256,256,320)
(106065,1237763540271,256,832,472)
(106066,4536298644847,256,1992,520)
(106067,688643409007,256,576,480)
(106068,688647603295,256,640,384)
(106069,1237959615831,256,512,480)
(106070,1237910078583,256,768,468)
(106071,1237909296215,256,832,440)
(106072,1237909550167,256,1056,548)
(106073,1237842695255,256,576,564)
(106074,1237910066775,256,384,524)
(106075,851143853775,256,576,528)
(106076,688110732399,256,576,480)
(106077,863962703055,256,576,474)
(106078,876846572751,256,384,460)
(106079,876746941647,256,576,562)
(106080,868257146063,256,576,594)
(106081,844701418703,256,576,586)
(106082,207780406351,256,640,384)
(106083,4536301872239,256,864,368)
(106084,688137520495,256,1488,520)
(106085,4536327546223,256,576,352)
(106086,2337404429679,256,1584,528)
(106087,4536360576367,256,512,320)
(106088,207107475055,256,1456,480)
(106089,4948615054703,256,1248,520)
(106090,6597881963887,256,1152,504)
(106091,688007980375,256,256,368)
(106092,2337303989551,256,640,384)
(106093,1237892326703,256,1088,432)
(106094,2337404620143,256,640,384)
(106095,4536360766831,256,1264,464)
(106096,3299347303727,256,576,488)
(106097,6597882154351,256,1328,504)
(106098,4675359814863,256,576,352)
(106099,2750257762139,256,2136,520)
(106100,4949213908827,256,1088,448)
(106101,4950229333199,256,640,424)
(106102,2476453597019,256,960,556)
(106103,4681801863003,256,384,352)
(106104,6598431018843,256,576,472)
(106105,2476453989999,256,1680,520)
(106106,4675410136687,256,960,448)
(106107,2750258155119,256,1904,560)
(106108,4949214301807,256,768,448)
(106109,6599496765039,256,1088,472)
(106110,1254410495215,256,832,416)
(106111,4544354913903,256,576,352)
(106112,223682825839,256,1056,520)
(106113,215160000111,256,992,448)
(106114,5498375054575,256,864,472)
(106115,348436862173,256,384,416)
(106116,348436874399,256,256,352)
(106117,825446679767,256,384,472)
(106118,414753297999,256,512,384)
(106119,827057575503,256,1248,536)
(106120,4949151012443,256,832,480)
(106121,4675347232335,256,960,480)
(106122,825446962795,256,960,416)
(106123,4675347226219,256,1504,512)
(106124,413679556187,256,1536,520)
(106125,4536846734939,256,384,368)
(106126,4537912473167,256,384,368)
(106127,4673748817499,256,864,368)
(106128,4949151397455,256,1152,480)
(106129,413142685291,256,1040,552)
(106130,4949151391339,256,768,480)
(106131,4537912467051,256,384,368)
(106132,827061773519,256,576,456)
(106133,4675359428175,256,256,256)
(106134,1239503025743,256,576,460)
(106135,4544362915663,256,256,256)
(106136,4949163593295,256,2064,424)
(106137,1650746142287,256,512,320)
(106138,4956671387343,256,576,400)
(106139,5498919398991,256,384,424)
(106140,4949155585627,256,640,384)
(106141,1650746138203,256,512,384)
(106142,4949180358235,256,576,432)
(106143,4675351420507,256,1216,488)
(106144,1376941973083,256,960,540)
(106145,4677506899547,256,384,320)
(106146,5498919394907,256,576,488)
(106147,2751331503951,256,576,460)
(106148,4956679769935,256,640,400)
(106149,6599504760655,256,576,352)
(106150,4675359820911,256,576,432)
(106151,2750258156795,256,576,400)
(106152,4949214303483,256,384,352)
(106153,4950229339247,256,1216,488)
(106154,2476453991675,256,384,320)
(106155,4675410138363,256,640,400)
(106156,6599496766715,256,640,424)
(106157,2341162257775,256,640,384)
(106158,704712871279,256,960,480)
(106159,4537971182959,256,512,320)
(106160,2749721283951,256,1056,528)
(106161,6601639791983,256,576,432)
(106162,4948677430639,256,768,464)
(106163,413134300779,256,960,536)
(106164,4537920861519,256,384,320)
(106165,2337940907867,256,2344,520)
(106166,4544354527067,256,384,352)
(106167,4950225139023,256,576,504)
(106168,2474842990427,256,2744,560)
(106169,4673799137115,256,384,352)
(106170,6597885765467,256,2048,520)
(106171,4537921836383,256,576,464)
(106172,2749721286011,256,768,520)
(106173,4948677432699,256,960,448)
(106174,4536835516015,256,1328,504)
(106175,2339015038331,256,2336,560)
(106176,4537971185019,256,384,352)
(106177,6599492572539,256,1344,520)
(106178,2353946267439,256,384,320)
(106179,1245945368367,256,576,352)
(106180,6597910826799,256,576,400)
(106181,3299476606767,256,640,400)
(106182,1185755237615,256,1440,480)
(106183,1177232411887,256,640,384)
(106184,3315994004719,256,960,480)
(106185,5506427325679,256,576,432)
(106186,627372624095,256,640,384)
(106187,623111211231,256,384,320)
(106188,833499990239,256,1056,480)
(106189,2476324980959,256,384,432)
(106190,688772908271,256,384,400)
(106191,414753309807,256,256,320)
(106192,688646374479,256,576,400)
(106193,688647341263,256,2328,556)
(106194,688646628431,256,1248,588)
(106195,688597273679,256,1824,580)
(106196,827057587311,256,384,320)
(106197,688655012943,256,1344,596)
(106198,4949151405179,256,1248,480)
(106199,4536848094815,256,1024,512)
(106200,688772908383,256,256,320)
(106201,688642245711,256,576,440)
(106202,688642626639,256,960,548)
(106203,688642499663,256,576,564)
(106204,688592700495,256,864,524)
(106205,688771998927,256,1616,588)
(106206,688655598799,256,1120,580)
(106207,1237966685791,256,512,400)
(106208,1237849769055,256,2888,556)
(106209,1237965915231,256,576,588)
(106210,1237866284127,256,2792,580)
(106211,1237990941791,256,2840,596)
(106212,688236037487,256,384,400)
(106213,884899614415,256,384,440)
(106214,872014974159,256,960,566)
(106215,413679567995,256,576,400)
(106216,884799212751,256,864,606)
(106217,848459500751,256,576,614)
(106218,878357548239,256,1296,622)
(106219,4675347240059,256,1088,512)
(106220,4537912480891,256,384,368)
(106221,4537913451759,256,768,480)
(106222,207781381215,256,256,320)
(106223,688012174567,256,384,480)
(106224,688036889903,256,768,520)
(106225,1239373956399,256,512,448)
(106226,4536302839023,256,1152,480)
(106227,4536302062703,256,1248,512)
(106228,2337303799087,256,1440,528)
(106229,1237892517167,256,640,384)
(106230,2337304315695,256,768,400)
(106231,1254406262575,256,576,352)
(106232,688137964911,256,1248,520)
(106233,4540056472943,256,768,448)
(106234,206990067303,256,384,368)
(106235,1650080204079,256,576,472)
(106236,207107919471,256,1088,512)
(106237,207107148911,256,768,480)
(106238,3299347113263,256,864,488)
(106239,3299347629871,256,640,424)
(106240,4948615499119,256,864,520)
(106241,4536297743455,256,1696,480)
(106242,4536298640991,256,1792,512)
(106243,688109569103,256,1248,440)
(106244,688109950031,256,2152,468)
(106245,688109823055,256,576,548)
(106246,688060023887,256,2400,564)
(106247,876846554827,256,576,460)
(106248,825996428383,256,384,400)
(106249,846790175947,256,864,474)
(106250,8935962092879,256,256,256)
(106251,721836754511,256,576,470)
(106252,9346667955791,256,384,436)
(106253,9350426051679,256,384,352)
(106254,1683909807215,256,576,470)
(106255,9354720417359,256,384,424)
(106256,876746026187,256,864,562)
(106257,843627663051,256,864,594)
(106258,846723321035,256,1440,474)
(106259,830743022795,256,960,474)
(106260,843510746315,256,1824,562)
(106261,4675359822943,256,768,448)
(106262,2750258157151,256,1440,528)
(106263,4949214303839,256,640,384)
(106264,4950229341279,256,1472,472)
(106265,2476453992031,256,640,384)
(106266,4675410138719,256,1088,432)
(106267,6599496767071,256,1216,488)
(106268,2753478989407,256,576,440)
(106269,1658262328927,256,384,320)
(106270,4952435136095,256,384,352)
(106271,3301087319647,256,576,460)
(106272,6601652246111,256,576,352)
(106273,5506435585631,256,384,400)
(106274,2751331898719,256,2160,528)
(106275,4950288045407,256,1088,432)
(106276,6599505155423,256,864,464)
(106277,2478601086559,256,864,440)
(106278,4677557233247,256,256,256)
(106279,3300013581919,256,768,400)
(106280,6601643861599,256,576,400)
(106281,688549039703,256,256,352)
(106282,704654167151,256,960,480)
(106283,4537912478831,256,384,320)
(106284,1254410489455,256,864,440)
(106285,4544354919663,256,256,256)
(106286,1254409718895,256,1280,480)
(106287,4540059700335,256,384,320)
(106288,704679841135,256,576,400)
(106289,4537938152815,256,256,256)
(106290,414751772911,256,384,320)
(106291,224422874703,256,576,472)
(106292,223632510063,256,704,384)
(106293,208718087407,256,768,432)
(106294,4948618726511,256,768,488)
(106295,223649795695,256,768,400)
(106296,1169180135023,256,384,352)
(106297,223682577647,256,768,528)
(106298,2268690990319,256,640,384)
(106299,5498375048815,256,576,424)
(106300,5498374278255,256,864,488)
(106301,1650210180463,256,768,400)
(106302,4948644400495,256,384,400)
(106303,361321514237,256,1664,440)
(106304,2272582076063,256,256,256)
(106305,361320731869,256,1408,480)
(106306,2270433821911,256,512,320)
(106307,2474714105309,256,576,424)
(106308,2474713203933,256,576,488)
(106309,2749721286255,256,768,520)
(106310,4948677432943,256,768,448)
(106311,2339015038575,256,1904,520)
(106312,4537971185263,256,384,352)
(106313,6599492572783,256,1632,520)
(106314,2751331898607,256,768,400)
(106315,4950288045295,256,640,400)
(106316,6599505155311,256,640,400)
(106317,1239378332903,256,992,416)
(106318,691770002663,256,832,448)
(106319,1254410685679,256,832,416)
(106320,4544355110127,256,768,448)
(106321,208717074023,256,576,520)
(106322,4467596578407,256,384,352)
(106323,1650084580583,256,384,520)
(106324,223683022063,256,960,520)
(106325,215160196335,256,768,448)
(106326,5498375245039,256,576,520)
(106327,2268587008223,256,832,416)
(106328,361321743583,256,1088,448)
(106329,2474714120415,256,576,520)
(106330,623855832279,256,1152,480)
(106331,636739996767,256,1088,432)
(106332,1650621713567,256,384,432)
(106333,414751836399,256,256,256)
(106334,688235124303,256,576,556)
(106335,688118207567,256,3556,588)
(106336,871889210571,256,2160,566)
(106337,4537920869487,256,384,352)
(106338,4950225146991,256,2480,520)
(106339,864498592971,256,864,606)
(106340,838745558219,256,1296,566)
(106341,4537921836271,256,768,448)
(106342,2474843379323,256,704,384)
(106343,4673799526011,256,768,464)
(106344,4537909253743,256,1888,520)
(106345,2337941296763,256,960,528)
(106346,4536897443451,256,384,320)
(106347,6598418830971,256,768,504)
(106348,2751331896687,256,960,528)
(106349,4950288043375,256,1264,464)
(106350,6599505153391,256,1088,432)
(106351,1383384419963,256,1600,480)
(106352,2478601080443,256,960,504)
(106353,4677557227131,256,384,320)
(106354,3300013575803,256,2664,528)
(106355,5498969722491,256,1264,464)
(106356,6598447795835,256,576,432)
(106357,688548587207,256,512,448)
(106358,1239377366119,256,1408,480)
(106359,691769035879,256,768,384)
(106360,704655133935,256,960,480)
(106361,4537913445615,256,640,384)
(106362,2338914405679,256,640,384)
(106363,704678841647,256,960,480)
(106364,1239502933295,256,640,384)
(106365,224423324879,256,1296,520)
(106366,208718040807,256,768,528)
(106367,4467597545191,256,384,320)
(106368,1650083613799,256,576,504)
(106369,223633476847,256,640,384)
(106370,208718531823,256,576,464)
(106371,4948619693295,256,576,504)
(106372,2749620653359,256,960,528)
(106373,3300957719855,256,576,464)
(106374,1650209180975,256,576,432)
(106375,2268686639327,256,1280,480)
(106376,2268686861535,256,640,384)
(106377,6597881775327,256,864,504)
(106378,623854865495,256,864,440)
(106379,636739988687,256,576,352)
(106380,1650620484751,256,576,400)
(106381,4469224967407,256,576,400)
(106382,2285216795887,256,384,320)
(106383,1170790747375,256,384,352)
(106384,1666727349487,256,576,440)
(106385,5499985661167,256,384,352)
(106386,4956671773935,256,384,400)
(106387,6599521439151,256,768,400)
(106388,2766263127471,256,768,440)
(106389,3301087219119,256,576,352)
(106390,1658262228399,256,384,352)
(106391,688842116463,256,384,320)
(106392,688842118495,256,256,256)
(106393,414751838431,256,384,320)
(106394,2285212190943,256,384,320)
(106395,1177228060895,256,768,400)
(106396,635995080927,256,256,256)
(106397,1245828025583,256,256,256)
(106398,691827576047,256,384,320)
(106399,4681789647071,256,768,440)
(106400,2491356326111,256,384,352)
(106401,6599492540639,256,576,400)
(106402,623854857415,256,960,480)
(106403,636740963551,256,1264,464)
(106404,1650620746783,256,576,464)
(106405,2270301359847,256,768,480)
(106406,2285216304871,256,384,320)
(106407,3300961651943,256,1056,480)
(106408,1658136661223,256,384,464)
(106409,1185751108831,256,640,384)
(106410,1177228283103,256,640,384)
(106411,842089893087,256,960,480)
(106412,4675348204767,256,576,464)
(106413,833628998879,256,576,400)
(106414,4677557357791,256,384,352)
(106415,1177114840287,256,384,320)
(106416,344573650519,256,256,416)
(106417,206971389293,256,256,416)
(106418,207511966811,256,256,320)
(106419,207511964779,256,512,384)
(106420,207637144811,256,384,432)
(106421,207511952971,256,384,320)
(106422,619417128299,256,512,416)
(106423,2269221555691,256,640,416)
(106424,206975095915,256,832,416)
(106425,206976060779,256,640,384)
(106426,207637269867,256,512,432)
(106427,207637258059,256,704,432)
(106428,207637716203,256,640,432)
(106429,345076223323,256,384,320)
(106430,345076215243,256,640,384)
(106431,1169709931867,256,384,320)
(106432,1177225989499,256,640,384)
(106433,207100845419,256,640,384)
(106434,2268684686827,256,512,416)
(106435,344606688799,256,256,384)
(106436,344607212127,256,256,320)
(106437,206970971215,256,384,384)
(106438,206971880559,256,256,320)
(106439,1169240139095,256,256,384)
(106440,1169207370871,256,512,320)
(106441,1169081803863,256,256,320)
(106442,1169206588503,256,704,384)
(106443,1169114834007,256,384,416)
(106444,1169240008279,256,256,432)
(106445,207511970895,256,640,384)
(106446,344410592861,256,384,432)
(106447,2269221556047,256,832,416)
(106448,348168438943,256,384,416)
(106449,623109114079,256,640,384)
(106450,1169255597407,256,256,320)
(106451,1169196893279,256,640,384)
(106452,1169246438495,256,384,416)
(106453,1169146807391,256,1120,432)
(106454,1169271465055,256,1024,432)
(106455,207512945759,256,256,320)
(106456,207637275983,256,992,432)
(106457,207637720399,256,832,432)
(106458,1169044063519,256,512,432)
(106459,1169043416095,256,1024,432)
(106460,345076229327,256,960,416)
(106461,1169709935951,256,640,384)
(106462,2269221569887,256,384,320)
(106463,1169709943919,256,640,384)
(106464,1177226122591,256,384,320)
(106465,2272313771423,256,512,320)
(106466,4471335998623,256,704,384)
(106467,1169173067087,256,992,416)
(106468,352592858463,256,640,416)
(106469,635931083999,256,832,416)
(106470,345076673743,256,960,416)
(106471,2268684698991,256,512,384)
(106472,215153905007,256,640,384)
(106473,1177226120559,256,640,384)
(106474,2285197739231,256,640,384)
(106475,1177225963743,256,384,320)
(106476,1177108548847,256,256,256)
(106477,1177226185951,256,640,384)
(106478,4778455774357,432,1088,960)
(106479,17938369787029,352,576,720)
(106480,26459450561685,408,1248,912)
(106481,6704748209333,384,448,580)
(106482,6701527123125,448,896,776)
(106483,26461598037141,256,544,744)
(106484,6701510608053,384,448,624)
(106485,22093599659189,416,864,716)
(106486,22093616428213,256,384,520)
(106487,26465993541045,384,576,534)
(106488,415022634187,256,2064,568)
(106489,1239648083563,256,2448,544)
(106490,1241803562603,256,576,520)
(106491,1241795305067,256,576,512)
(106492,1241803693419,256,1248,532)
(106493,1241807691371,256,384,424)
(106494,1243405721195,256,1152,448)
(106495,1239676984939,256,2672,568)
(106496,1651989650795,256,576,572)
(106497,690463352011,256,1152,612)
(106498,690463282763,256,2032,736)
(106499,415643182667,256,1440,680)
(106500,415023408587,256,576,536)
(106501,4537117357515,256,3440,592)
(106502,4538190968267,256,864,574)
(106503,689892934891,256,576,548)
(106504,688943981803,256,4080,608)
(106505,690017719531,256,576,578)
(106506,2354191836651,256,1872,608)
(106507,430055663083,256,2544,584)
(106508,4538191877611,256,576,566)
(106509,2354200094187,256,864,620)
(106510,860105387211,256,960,536)
(106511,1273470760267,256,1296,686)
(106512,1684713878731,256,576,500)
(106513,725862430027,256,864,600)
(106514,1273471735131,256,1152,642)
(106515,1684177855835,256,576,508)
(106516,730157847899,256,576,492)
(106517,2510446497131,256,2780,706)
(106518,2510446366315,256,1152,648)
(106519,867621506411,256,576,492)
(106520,833781927371,256,576,448)
(106521,827390069995,256,384,368)
(106522,413938300619,256,1840,512)
(106523,1377095294155,256,576,574)
(106524,1377086909643,256,864,592)
(106525,2476607180011,256,864,578)
(106526,2751476698347,256,864,608)
(106527,689891816907,256,1152,512)
(106528,689891824875,256,1248,520)
(106529,688876787435,256,1152,544)
(106530,689950529003,256,1248,532)
(106531,448837301835,256,1856,646)
(106532,448862268747,256,1960,710)
(106533,415585379915,256,1488,696)
(106534,827423364299,256,1296,576)
(106535,690521085515,256,3080,764)
(106536,722642177867,256,576,496)
(106537,722641661259,256,576,464)
(106538,415106504267,256,2376,756)
(106539,448862264907,256,2496,608)
(106540,859568516427,256,576,464)
(106541,833899106027,256,384,368)
(106542,827902239947,256,384,542)
(106543,723715208523,256,1936,676)
(106544,827960036939,256,384,542)
(106545,723715921355,256,1808,660)
(106546,861179059531,256,2436,716)
(106547,1273470819915,256,1656,674)
(106548,1684176877131,256,384,320)
(106549,738747266507,256,4556,690)
(106550,1685787489483,256,1296,674)
(106551,861179907307,256,640,436)
(106552,860105329771,256,1216,516)
(106553,2510446499051,256,640,400)
(106554,2510446372075,256,576,530)
(106555,876211252459,256,640,436)
(106556,827456659147,256,4556,604)
(106557,207844874075,256,384,352)
(106558,827457051883,256,1248,440)
(106559,827331357899,256,1152,596)
(106560,4675629915851,256,512,352)
(106561,4949434080971,256,3712,568)
(106562,413680410315,256,768,536)
(106563,207840745307,256,1776,544)
(106564,207782942555,256,2048,532)
(106565,4675630308587,256,1296,566)
(106566,2750528261867,256,3844,620)
(106567,4949484408555,256,576,440)
(106568,4950499826923,256,2928,584)
(106569,2476724096747,256,1872,608)
(106570,4682072362731,256,512,320)
(106571,6598701518571,256,1776,584)
(106572,2751602003435,256,864,620)
(106573,4956950269419,256,576,440)
(106574,6599775260139,256,864,566)
(106575,345229303499,256,768,440)
(106576,345220688619,256,1184,464)
(106577,2338891042283,256,1184,416)
(106578,2337825689067,256,384,400)
(106579,345214626283,256,576,464)
(106580,414032766539,256,1296,642)
(106581,447788527179,256,864,704)
(106582,1272397018699,256,576,500)
(106583,450984523339,256,576,666)
(106584,447851374159,256,864,524)
(106585,2371933873743,256,1152,666)
(106586,2508835956303,256,576,500)
(106587,463894525519,256,1296,548)
(106588,827892935883,256,576,424)
(106589,4951061404907,256,864,368)
(106590,4951036239563,256,4372,604)
(106591,413147733707,256,1152,512)
(106592,345279633243,256,1248,464)
(106593,2493241200363,256,1296,620)
(106594,6600303677163,256,1248,440)
(106595,2768119107051,256,1152,608)
(106596,833781599723,256,832,352)
(106597,826265411275,256,1152,536)
(106598,413933875947,256,832,400)
(106599,1377094966507,256,576,532)
(106600,1377086581995,256,1152,544)
(106601,413128862187,256,512,416)
(106602,423768392939,384,3568,882)
(106603,423768393051,256,1296,582)
(106604,419506980075,256,832,540)
(106605,419389084747,256,1152,678)
(106606,449404243275,256,1152,666)
(106607,423650497611,384,2892,882)
(106608,451534949707,448,1832,774)
(106609,449403341899,448,2516,826)
(106610,449403278411,256,1584,742)
(106611,449387728203,384,576,640)
(106612,419356054603,352,960,822)
(106613,449404048971,448,960,768)
(106614,419388703819,384,1440,828)
(106615,449403722827,448,2664,760)
(106616,714141238515,256,384,468)
(106617,701299197171,256,384,564)
(106618,714183066867,256,384,548)
(106619,714083435763,256,384,440)
(106620,1692621968819,256,384,530)
(106621,709771693283,256,1248,674)
(106622,690521543771,256,1616,588)
(106623,739843943651,256,1152,616)
(106624,709829496035,256,832,672)
(106625,709888093411,256,1152,712)
(106626,701306670307,256,960,746)
(106627,694914551011,256,800,586)
(106628,709821238499,256,1448,790)
(106629,707640986851,256,1104,614)
(106630,714241770995,256,384,480)
(106631,739944476131,256,768,560)
(106632,709896477923,256,1824,822)
(106633,739877621219,256,1968,782)
(106634,707765771491,256,1200,598)
(106635,414133110379,256,384,542)
(106636,413983607915,256,576,638)
(106637,414033479275,256,576,630)
(106638,414134077163,256,384,500)
(106639,688946988403,256,384,436)
(106640,413941417195,256,384,466)
(106641,2341447244139,256,576,488)
(106642,345220929115,256,576,424)
(106643,2338085578587,256,2064,500)
(106644,2338213898603,256,576,488)
(106645,2338097498475,256,864,496)
(106646,1271869314411,256,576,508)
(106647,2354191837007,256,864,508)
(106648,414033937531,256,768,528)
(106649,2338226997739,256,1248,464)
(106650,722230875627,256,576,500)
(106651,4570404132331,256,576,500)
(106652,421582644847,256,2016,500)
(106653,1239654929899,256,1976,472)
(106654,1241802413435,256,576,532)
(106655,4544652226923,256,640,424)
(106656,2354281812347,256,576,488)
(106657,4570432511339,256,864,504)
(106658,1654106690939,256,2688,560)
(106659,722635703667,256,384,488)
(106660,2341971725739,256,384,368)
(106661,2750530751859,256,576,576)
(106662,688819572075,256,576,544)
(106663,207782041179,256,1584,520)
(106664,1376012842587,256,1248,532)
(106665,2371902613867,256,576,508)
(106666,2371917286763,256,768,480)
(106667,6598704041323,256,864,624)
(106668,345221711483,256,2608,484)
(106669,2371903588731,256,1296,500)
(106670,2372034661755,256,1120,512)
(106671,6598833540587,256,1872,600)
(106672,1241790027131,256,576,500)
(106673,1239642543595,256,1392,440)
(106674,1238574933227,256,384,424)
(106675,207781848299,256,384,452)
(106676,1237768678763,256,576,512)
(106677,215298024939,256,1152,488)
(106678,1246090077807,256,864,472)
(106679,1246083880315,256,1152,536)
(106680,415043609803,256,3444,644)
(106681,417174316235,256,1296,464)
(106682,413978256587,256,768,536)
(106683,415044519147,256,2216,628)
(106684,415577195755,256,576,376)
(106685,413979165931,256,576,568)
(106686,3335055117659,256,1152,634)
(106687,1700819744091,256,2592,634)
(106688,1700819809499,256,2232,590)
(106689,345279696731,256,768,416)
(106690,4956969081195,256,576,496)
(106691,6599794071915,256,864,626)
(106692,2766535760235,256,576,472)
(106693,692577211627,256,864,604)
(106694,1240185541867,256,384,352)
(106695,692576163563,256,1728,496)
(106696,345283825499,256,1248,464)
(106697,829478246123,256,576,352)
(106698,1650891789547,256,576,556)
(106699,345221893979,256,1920,500)
(106700,1650890741483,256,384,400)
(106701,1239677181163,256,2048,472)
(106702,1241807887595,256,256,256)
(106703,689921629419,256,1248,532)
(106704,1239660666091,256,832,352)
(106705,1243405917419,256,1840,448)
(106706,1651964943595,256,2808,544)
(106707,1243414174955,256,384,464)
(106708,1242331977339,256,768,488)
(106709,5532475825515,256,576,500)
(106710,1288511266155,256,2232,634)
(106711,4574161247595,256,576,520)
(106712,1246090333547,256,576,464)
(106713,2337817169643,256,832,400)
(106714,346294521691,256,832,400)
(106715,413940160235,256,384,424)
(106716,345220696699,256,1344,440)
(106717,4544625413499,256,1248,448)
(106718,346294438267,256,768,416)
(106719,414012196075,256,576,574)
(106720,2338098824427,256,576,460)
(106721,422002345195,256,864,640)
(106722,13203272749435,256,1392,500)
(106723,6631972786555,256,960,424)
(106724,6602461646251,256,576,440)
(106725,2784219467123,256,576,626)
(106726,692040340843,256,864,604)
(106727,207844937563,256,1776,544)
(106728,415580131051,256,1088,416)
(106729,1651993844971,256,3288,584)
(106730,1243418303723,256,864,368)
(106731,1655722581227,256,768,512)
(106732,417727614587,256,1344,440)
(106733,6632524320235,256,1632,560)
(106734,6632509869547,256,1296,634)
(106735,826250742139,256,768,416)
(106736,1255216884971,256,1984,464)
(106737,3300158442731,256,576,500)
(106738,211539930347,256,576,512)
(106739,826257018715,256,1184,464)
(106740,413933884027,256,1344,440)
(106741,415007625595,256,384,320)
(106742,413933887867,256,1248,440)
(106743,423764198763,384,2588,866)
(106744,419502785899,256,880,620)
(106745,419385476427,352,2640,834)
(106746,449400312939,384,1200,662)
(106747,449399149643,384,1656,682)
(106748,427504538955,256,960,690)
(106749,453191501163,256,1440,770)
(106750,436027364683,384,3096,894)
(106751,457452914027,448,2216,842)
(106752,453191566571,448,2116,822)
(106753,457452979435,256,1872,702)
(106754,459583685867,448,2320,810)
(106755,453141173579,384,864,656)
(106756,453320479979,448,1872,874)
(106757,453320478059,256,1440,790)
(106758,427404006475,352,1728,780)
(106759,453190599787,448,1440,744)
(106760,459582719083,256,864,600)
(106761,453140716619,384,1872,616)
(106762,453203168587,384,864,616)
(106763,700820129139,256,384,580)
(106764,700661793907,256,576,596)
(106765,747334976755,256,384,556)
(106766,717337298163,256,384,588)
(106767,826349823083,256,864,548)
(106768,690521541739,256,864,468)
(106769,713528886499,256,1728,630)
(106770,713554040035,256,3256,784)
(106771,700645016803,256,1296,542)
(106772,713579202275,256,768,760)
(106773,700761543907,256,864,638)
(106774,698614322403,256,864,646)
(106775,713545655523,256,576,818)
(106776,698547340515,256,864,698)
(106777,415773075023,256,960,556)
(106778,717286968547,256,960,642)
(106779,743040003299,256,1152,728)
(106780,710894849251,256,1120,734)
(106781,690521097323,256,576,440)
(106782,747460662771,256,256,400)
(106783,713529787875,256,576,500)
(106784,713587590627,256,1440,834)
(106785,713579333091,256,576,818)
(106786,698614842851,256,864,682)
(106787,743048387811,256,2484,838)
(106788,740951231971,256,2200,742)
(106789,710961831139,256,1120,766)
(106790,414131005155,256,576,654)
(106791,413968475747,256,384,678)
(106792,414162456171,256,576,642)
(106793,414046061803,256,576,674)
(106794,688879158627,256,768,608)
(106795,688946204003,256,576,664)
(106796,2338113823083,256,1152,640)
(106797,696362570091,256,1152,648)
(106798,414163436795,256,512,440)
(106799,688946980323,256,768,632)
(106800,2341497573755,256,1632,680)
(106801,2338176729467,256,2496,608)
(106802,2338214420971,256,1152,656)
(106803,2371395621243,256,2952,632)
(106804,2371495252347,256,1392,500)
(106805,1271998291307,256,2184,648)
(106806,714065757395,256,384,468)
(106807,701181887699,256,768,548)
(106808,701298414803,256,384,468)
(106809,699151193299,256,384,436)
(106810,714082526419,256,384,468)
(106811,699084211411,256,576,516)
(106812,723716181355,256,1312,612)
(106813,1701081961651,256,384,642)
(106814,1662561457331,256,384,674)
(106815,701181103299,256,1440,766)
(106816,709770783939,256,768,616)
(106817,694739438787,256,2706,738)
(106818,707640077507,256,768,584)
(106819,860106296911,256,2048,660)
(106820,1684443354275,256,576,746)
(106821,1684443608227,256,576,494)
(106822,1685788398939,256,864,646)
(106823,1684443616307,256,576,734)
(106824,860105780303,256,2944,660)
(106825,3335054923355,256,864,618)
(106826,1700819803739,256,992,432)
(106827,1692229936475,256,1296,676)
(106828,2509372761679,256,864,662)
(106829,3333981316687,256,384,320)
(106830,1288503080527,256,960,596)
(106831,714066658771,256,576,440)
(106832,714124461523,256,576,468)
(106833,714116203987,256,576,548)
(106834,699151713747,256,576,532)
(106835,1701111307443,256,384,642)
(106836,709770910915,256,1344,850)
(106837,707623689411,256,2646,758)
(106838,739827166659,256,1152,616)
(106839,707648462019,256,1808,640)
(106840,707740606147,256,1152,680)
(106841,694864223427,256,2272,778)
(106842,1668903247011,256,640,582)
(106843,1668907375779,256,2640,762)
(106844,1688197569587,256,1296,726)
(106845,6632541299951,256,576,440)
(106846,2525478823151,256,960,530)
(106847,842363364559,256,3160,508)
(106848,345246146139,256,864,520)
(106849,826383836879,256,2088,500)
(106850,2337829885403,256,864,472)
(106851,2475518412155,256,768,400)
(106852,447822270059,256,864,548)
(106853,447822792427,256,3880,636)
(106854,4537108974955,256,1632,556)
(106855,4949425841359,256,256,256)
(106856,2339724429675,256,256,256)
(106857,705588972907,256,576,578)
(106858,2750463707499,256,576,568)
(106859,4674556323023,256,3056,496)
(106860,413684552923,256,576,464)
(106861,348979011163,256,576,448)
(106862,345221373531,256,384,352)
(106863,4949426611919,256,384,320)
(106864,4674557093583,256,1872,464)
(106865,4682064111311,256,864,500)
(106866,6598693267151,256,384,320)
(106867,2475264644571,256,256,256)
(106868,413743257051,256,576,448)
(106869,447789253755,256,1152,620)
(106870,2338087011707,256,1248,508)
(106871,2339825027563,256,256,320)
(106872,697061968363,256,864,650)
(106873,2750531275243,256,768,624)
(106874,2475522606331,256,1152,448)
(106875,345246928507,256,2016,520)
(106876,345251057275,256,768,400)
(106877,413938764923,256,2064,484)
(106878,345222155899,256,2344,484)
(106879,2371915713003,256,384,320)
(106880,2372034209259,256,1296,566)
(106881,2372032113131,256,864,500)
(106882,2371917809131,256,1632,560)
(106883,6598820971899,256,1152,536)
(106884,6598754108907,256,1152,632)
(106885,2354728963451,256,576,400)
(106886,2354728965371,256,1728,580)
(106887,5499182419323,256,768,508)
(106888,1684302568811,256,384,320)
(106889,725987990891,256,576,574)
(106890,1383655056623,256,1944,590)
(106891,2491655955695,256,576,440)
(106892,5506697831663,256,864,500)
(106893,6601914492143,256,384,320)
(106894,692605521275,256,256,256)
(106895,1240213851515,256,832,352)
(106896,1654648835451,256,1248,400)
(106897,1238574156907,256,768,500)
(106898,688550651599,256,768,416)
(106899,620099610319,256,384,352)
(106900,344952482267,256,384,320)
(106901,1238574941307,256,768,484)
(106902,2337817183483,256,768,440)
(106903,4540330970491,256,1152,520)
(106904,1246215902587,256,1248,472)
(106905,1246090136955,256,576,416)
(106906,345220891901,256,512,320)
(106907,1238573946107,256,384,352)
(106908,2509372761323,256,576,530)
(106909,2337293080027,256,1248,532)
(106910,722634919267,256,768,648)
(106911,2341854612779,256,384,368)
(106912,2750413376867,256,576,680)
(106913,705521886691,256,864,680)
(106914,2341971987771,256,576,368)
(106915,2750530489827,256,768,672)
(106916,2371903136235,256,1728,648)
(106917,2372046786027,256,1152,480)
(106918,6598821154283,256,1152,664)
(106919,1383527159035,256,864,472)
(106920,2478743819515,256,256,256)
(106921,4708429303531,256,3676,578)
(106922,413147747547,256,1248,520)
(106923,1375207824987,256,1152,544)
(106924,2474731967963,256,576,352)
(106925,413148648923,256,1152,544)
(106926,2509373017211,256,1296,650)
(106927,2338083652987,256,1152,448)
(106928,207812169339,256,2016,520)
(106929,1384059835643,256,384,352)
(106930,421454941563,256,576,400)
(106931,421987618171,256,1872,520)
(106932,3300156314875,256,768,448)
(106933,826315744975,256,864,472)
(106934,2750402373327,256,256,256)
(106935,2476598208207,256,768,448)
(106936,215834903803,256,1152,488)
(106937,1237769653627,256,1152,536)
(106938,215327378811,256,512,320)
(106939,216908631531,256,768,488)
(106940,700661011539,256,576,588)
(106941,700761544019,256,1296,556)
(106942,717286970579,256,576,556)
(106943,715156264147,256,576,524)
(106944,700644234435,256,1296,650)
(106945,713528874691,256,2592,728)
(106946,698497012931,256,1152,710)
(106947,447789436523,256,864,688)
(106948,1684443419795,256,576,690)
(106949,414012188107,256,384,352)
(106950,422002337227,256,864,616)
(106951,447788919915,256,1536,696)
(106952,447851373803,256,1296,716)
(106953,2509372755563,256,864,710)
(106954,3333444507227,256,576,500)
(106955,1288503080283,256,1296,692)
(106956,1279913268827,256,864,590)
(106957,747334968787,256,576,556)
(106958,715189814739,256,576,556)
(106959,713528878531,256,2064,838)
(106960,698497533379,256,1728,722)
(106961,698614060483,256,1152,718)
(106962,1668907441299,256,5400,690)
(106963,710844521667,256,1632,798)
(106964,740892519875,256,1152,696)
(106965,1652264967187,256,1992,594)
(106966,1652797643795,256,2640,774)
(106967,6632541294191,256,2916,638)
(106968,2525478817391,256,2916,650)
(106969,2525478626927,256,1632,590)
(106970,1238318324955,256,384,400)
(106971,447951769323,256,4988,668)
(106972,2477261098703,256,864,590)
(106973,842958933711,256,1680,464)
(106974,447851629691,256,2944,668)
(106975,705588932067,256,1152,632)
(106976,2341904942395,256,864,440)
(106977,2750463444451,256,1152,656)
(106978,2339757982187,256,640,384)
(106979,696932991467,256,1296,678)
(106980,2750464229867,256,1152,640)
(106981,5506758447483,256,1488,632)
(106982,6601975107963,256,1296,694)
(106983,3316325126523,256,864,472)
(106984,1383522964859,256,576,352)
(106985,1393729776847,256,384,320)
(106986,1667533941967,256,864,500)
(106987,850416406223,256,864,500)
(106988,1375757212891,256,864,472)
(106989,1392664423631,256,864,560)
(106990,413743320539,256,864,520)
(106991,2509373539579,256,2112,566)
(106992,2354192094587,256,1872,580)
(106993,2767173258731,256,864,566)
(106994,6600431570411,256,384,352)
(106995,2784219990507,256,864,574)
(106996,1246220096891,256,1296,622)
(106997,2354220995963,256,832,352)
(106998,829507605755,256,576,352)
(106999,1384064027899,256,1248,472)
