(58000,1276698275086,256,864,754)
(58001,3308494686867,256,864,754)
(58002,829546079627,352,2592,780)
(58003,418839831947,352,4680,856)
(58004,3350362102195,256,576,688)
(58005,440418733421,408,1292,868)
(58006,457565572461,448,1248,736)
(58007,466055368045,416,768,696)
(58008,466154999149,256,256,480)
(58009,440452285933,256,480,620)
(58010,457566094829,384,512,520)
(58011,346058729869,256,512,480)
(58012,346058599053,352,864,732)
(58013,344951434125,256,384,576)
(58014,346066987405,384,832,636)
(58015,346216934285,352,1720,780)
(58016,344987052691,256,960,456)
(58017,2270305785741,256,384,552)
(58018,4501404990349,256,1776,668)
(58019,689917580459,256,576,612)
(58020,621094837133,256,576,536)
(58021,8867364944781,256,1296,536)
(58022,4501413247885,256,1296,536)
(58023,206971745054,256,384,584)
(58024,1177244997037,256,1216,560)
(58025,415039677549,256,1152,656)
(58026,692064801907,256,576,524)
(58027,4537134146925,256,1728,624)
(58028,346184296877,384,1280,756)
(58029,346184293037,352,1248,732)
(58030,415205722989,256,640,480)
(58031,1170852751725,256,256,504)
(58032,1177236608685,256,576,628)
(58033,1177236612525,256,384,520)
(58034,4501463575469,256,2088,588)
(58035,345110555315,256,384,552)
(58036,8867265325485,256,384,520)
(58037,692065703283,256,384,588)
(58038,4540355360115,256,864,666)
(58039,4469387467693,256,864,456)
(58040,4501463702445,256,2448,588)
(58041,2354191845235,256,3900,708)
(58042,1277763628302,256,1776,922)
(58043,3307957816083,256,576,758)
(58044,829545948811,384,2760,812)
(58045,418839701131,384,1024,756)
(58046,692643866251,384,4040,920)
(58047,653145880781,256,2392,688)
(58048,1202884917453,256,960,600)
(58049,1202885826797,256,576,520)
(58050,1202935245037,256,576,616)
(58051,1202935245043,256,576,552)
(58052,830108109995,256,864,520)
(58053,1276689886734,256,2224,840)
(58054,3307957818003,256,576,846)
(58055,1244511185934,256,2838,966)
(58056,3303662852627,256,576,954)
(58057,831156686219,256,3340,764)
(58058,831181458827,256,864,608)
(58059,830082944651,256,3540,732)
(58060,833521927373,256,640,448)
(58061,361070967693,256,1440,560)
(58062,1379293105773,256,576,528)
(58063,2476613224659,256,864,612)
(58064,2476346918099,256,864,694)
(58065,1409037056211,256,576,644)
(58066,2478494393555,256,512,624)
(58067,3300980626637,256,576,668)
(58068,361869982605,256,2768,648)
(58069,345090669453,256,1440,718)
(58070,207102341918,256,1216,600)
(58071,413952763787,256,1344,576)
(58072,1391926221043,256,576,604)
(58073,2478619960563,256,512,560)
(58074,3301106193645,256,384,628)
(58075,2478771179117,256,768,638)
(58076,3303379734125,256,576,568)
(58077,1391993075955,256,576,564)
(58078,2478553105651,256,768,560)
(58079,3299907798259,256,384,580)
(58080,1282058587918,384,1440,1042)
(58081,1289046109966,448,960,970)
(58082,1290656722318,256,256,456)
(58083,1256859151630,256,1248,628)
(58084,1256867409166,448,5664,954)
(58085,1244083170574,256,864,740)
(58086,829570852235,384,576,592)
(58087,692668769675,384,1248,636)
(58088,829545694859,352,960,740)
(58089,418839447179,352,832,732)
(58090,829546075787,256,2352,564)
(58091,418839828107,256,384,480)
(58092,418864604555,384,2088,786)
(58093,692643612299,352,2712,942)
(58094,692643993227,256,4284,690)
(58095,692668700427,448,960,688)
(58096,692668573451,448,1832,732)
(58097,829570782987,448,1440,846)
(58098,692668763915,256,1248,612)
(58099,829570846475,256,1728,648)
(58100,346122823885,384,2896,812)
(58101,415110702285,448,1696,756)
(58102,621000726733,256,384,456)
(58103,378251589843,256,832,620)
(58104,653179439341,256,3232,624)
(58105,2302413318381,256,1152,744)
(58106,378326690035,256,768,592)
(58107,2302413318387,256,960,672)
(58108,831122691211,384,1776,816)
(58109,831122754699,256,960,668)
(58110,831106239627,256,4364,848)
(58111,831122564235,256,2080,764)
(58112,830048953483,256,2048,788)
(58113,1685787498123,256,1296,728)
(58114,457552729577,464,2736,1040)
(58115,466075555305,384,1440,920)
(58116,472467674601,480,2784,1052)
(58117,831156503723,256,4440,692)
(58118,1248806145550,352,1824,1082)
(58119,1274542411278,256,512,860)
(58120,1244544732686,256,1136,782)
(58121,3316547623699,256,576,838)
(58122,457556921833,448,2248,936)
(58123,466079747561,448,1280,824)
(58124,472471866857,448,1952,840)
(58125,830107919531,256,576,556)
(58126,1289582980750,256,384,592)
(58127,1255785410062,384,4340,914)
(58128,1255793667598,256,576,580)
(58129,1243009429006,256,768,712)
(58130,3333710850835,256,384,670)
(58131,1685787890859,256,5364,796)
(58132,1257396022414,256,576,580)
(58133,1257404279950,256,576,636)
(58134,1244620041358,256,576,612)
(58135,830107665579,256,640,516)
(58136,1685812663467,256,2232,752)
(58137,1684177085835,256,768,624)
(58138,831156241803,256,2760,924)
(58139,863301395851,256,2480,794)
(58140,1410909726091,256,1792,732)
(58141,831156495755,256,7120,856)
(58142,1684739108235,256,1440,686)
(58143,1410909595275,256,1728,794)
(58144,1410909785739,256,2988,822)
(58145,831181395339,384,1808,792)
(58146,863326612875,256,384,448)
(58147,1410934943115,256,960,572)
(58148,863301265035,256,1728,738)
(58149,1684713760395,256,384,400)
(58150,830082754187,256,4818,880)
(58151,863301455499,256,1632,724)
(58152,1684713950859,256,768,456)
(58153,1655790013835,256,576,690)
(58154,1685787692427,256,2968,804)
(58155,1685788399499,256,864,692)
(58156,4986469789579,256,1920,754)
(58157,5534078119819,256,2460,826)
(58158,1700819808139,256,2304,628)
(58159,1410909722251,256,2720,872)
(58160,831181268363,256,2224,800)
(58161,830082500235,256,2516,956)
(58162,863301392011,256,2848,858)
(58163,1684713887371,256,384,520)
(58164,1655789823371,256,576,804)
(58165,1685787501963,256,1872,836)
(58166,2787446597515,256,576,528)
(58167,3335054927755,256,1944,804)
(58168,1692229937035,256,1296,680)
(58169,472597439981,384,448,520)
(58170,831281808811,256,512,600)
(58171,842111703251,256,1536,632)
(58172,842111703245,256,1456,480)
(58173,1654237863539,256,768,608)
(58174,842112485613,256,384,400)
(58175,1654237867379,256,3312,704)
(58176,1379359960685,256,4218,748)
(58177,2476613605587,256,640,520)
(58178,2476347172051,256,1584,774)
(58179,344965364365,256,1184,700)
(58180,829503741517,256,864,656)
(58181,1654112296525,256,576,456)
(58182,826006652115,256,1152,592)
(58183,2476613478611,256,576,564)
(58184,2476347299027,256,384,464)
(58185,1379242778189,256,3168,748)
(58186,2475273561299,256,576,612)
(58187,208596540302,256,576,576)
(58188,829503753325,256,384,440)
(58189,1654112308333,256,1696,552)
(58190,1377095306635,256,768,524)
(58191,827356269963,256,864,552)
(58192,1379242789997,256,2904,660)
(58193,1650899471755,256,2764,716)
(58194,692574171019,256,1440,520)
(58195,1240182501259,256,1376,552)
(58196,1242329984627,256,1344,632)
(58197,1650622410635,256,1120,504)
(58198,1377095306573,256,1056,588)
(58199,1650899471693,256,1544,672)
(58200,829486976333,256,2352,712)
(58201,1654120684939,256,576,616)
(58202,4952672083571,256,576,658)
(58203,5502411120243,256,1248,624)
(58204,829504523885,256,384,588)
(58205,1654113078893,256,864,520)
(58206,2476614387955,256,864,596)
(58207,2476348081395,256,1296,666)
(58208,1379243560557,256,4120,740)
(58209,3316279219437,256,576,588)
(58210,3316012881133,256,576,714)
(58211,6601929042157,256,576,616)
(58212,4952672087411,256,864,638)
(58213,5502411124083,256,864,540)
(58214,2491379394803,256,384,416)
(58215,2508550784243,256,864,606)
(58216,6599781566707,256,576,524)
(58217,3316279219443,256,384,456)
(58218,3316012881139,256,576,606)
(58219,6601929169133,256,576,504)
(58220,4677794180717,256,576,564)
(58221,5502402735725,256,3088,664)
(58222,417195288075,256,1824,746)
(58223,464469140969,480,2160,1008)
(58224,472459290089,448,1440,904)
(58225,693742769435,256,864,652)
(58226,1290648333966,256,384,688)
(58227,1256859020814,448,3336,994)
(58228,1685812663579,256,2040,716)
(58229,1409299179147,256,864,600)
(58230,693742507403,384,1632,792)
(58231,417766090379,256,1632,824)
(58232,450984601227,256,1680,710)
(58233,1272397096587,256,864,456)
(58234,1272422248203,256,1296,758)
(58235,692131895051,256,1776,856)
(58236,725887655691,256,576,616)
(58237,1684202233611,256,384,488)
(58238,1379838305931,256,576,844)
(58239,1685812845963,256,1312,716)
(58240,1685846202251,256,864,732)
(58241,2375129933707,256,960,754)
(58242,3333444511627,256,576,604)
(58243,1417352161163,256,768,712)
(58244,693872268699,256,768,648)
(58245,859631422701,256,640,480)
(58246,1654705589939,256,512,416)
(58247,827427556563,256,2312,688)
(58248,9073756376307,256,864,620)
(58249,9073487973619,256,1296,726)
(58250,1409102056691,256,1152,712)
(58251,9079880092915,256,960,560)
(58252,9898364931315,256,576,636)
(58253,3333457087725,256,576,540)
(58254,9904757050605,256,384,504)
(58255,2285478550366,256,576,432)
(58256,211552513931,256,1536,552)
(58257,211569290867,256,576,576)
(58258,1654647004757,256,2224,568)
(58259,1654647016627,256,1936,616)
(58260,211016097395,256,1760,552)
(58261,208885390963,256,384,504)
(58262,1655721008301,256,768,640)
(58263,413678706517,256,768,520)
(58264,4953181638261,256,2664,704)
(58265,5500789968501,256,1296,564)
(58266,1667531656821,256,2696,568)
(58267,1670752870067,256,576,456)
(58268,2510444498163,256,960,638)
(58269,2510446562547,256,864,606)
(58270,850431380717,256,576,440)
(58271,2354197993374,256,1152,572)
(58272,4954255379829,256,2808,686)
(58273,3317889699059,256,768,580)
(58274,1675064708339,256,864,682)
(58275,223959226270,256,4804,652)
(58276,6597894151006,256,768,480)
(58277,440280583529,384,512,740)
(58278,436019170665,256,1152,696)
(58279,466016849257,448,1824,800)
(58280,427496344937,464,1872,1038)
(58281,457427422569,448,1488,900)
(58282,453132979561,352,1440,888)
(58283,1256900955918,448,960,938)
(58284,1256892698382,256,576,784)
(58285,1248378130190,384,576,786)
(58286,1282066845454,256,384,748)
(58287,1289046236942,256,864,836)
(58288,1248378135950,256,256,424)
(58289,1256867536142,256,2280,720)
(58290,1277772012814,256,928,704)
(58291,3308494621459,256,576,858)
(58292,1264895233806,352,960,978)
(58293,1263284817678,384,576,798)
(58294,1264895430030,256,256,456)
(58295,1248277728526,384,5296,834)
(58296,1256842382606,256,512,720)
(58297,1244016315662,256,864,772)
(58298,1252010593550,256,1120,970)
(58299,3300442540819,256,384,940)
(58300,1263284823438,256,384,504)
(58301,1258989858062,256,864,798)
(58302,1289583890206,384,1440,918)
(58303,1263947255582,352,960,886)
(58304,1289700290334,256,384,580)
(58305,1263335147294,448,960,842)
(58306,1297090907934,384,1296,934)
(58307,1263947257502,256,384,456)
(58308,1259585310238,256,928,760)
(58309,3316597951283,256,384,794)
(58310,1289599757854,256,1392,748)
(58311,1259643907614,256,1392,772)
(58312,3334306368307,256,384,730)
(58313,1292804332830,256,1392,820)
(58314,1263285602078,256,576,636)
(58315,346073278669,448,1088,732)
(58316,415094187213,256,864,612)
(58317,415094187219,384,576,608)
(58318,346223225549,256,576,564)
(58319,415211234765,256,1840,636)
(58320,689972090067,256,384,424)
(58321,653179427533,256,960,524)
(58322,2302396537549,256,1944,746)
(58323,346223356365,352,1840,740)
(58324,415211103949,384,1472,592)
(58325,621101132237,256,384,456)
(58326,378252106451,256,832,644)
(58327,653179431373,256,3240,756)
(58328,2302396541389,256,2304,798)
(58329,414137493197,256,576,504)
(58330,378301524691,256,864,668)
(58331,346123733229,384,1440,756)
(58332,346223618285,352,1408,732)
(58333,346224134893,256,512,480)
(58334,2302396930285,256,1296,690)
(58335,4501469866733,256,4918,818)
(58336,415111611629,448,1728,696)
(58337,415211496685,448,1680,696)
(58338,346248390893,384,1152,772)
(58339,621001509101,256,384,520)
(58340,621101521133,256,384,456)
(58341,378252118259,256,768,488)
(58342,653146790125,256,2016,656)
(58343,653179820269,256,960,588)
(58344,653179693293,256,1072,700)
(58345,2302396803309,256,864,672)
(58346,653180209901,256,864,596)
(58347,4501469993709,256,1600,666)
(58348,345174780147,256,384,536)
(58349,378301917427,256,832,616)
(58350,378427222515,256,864,620)
(58351,4501469997555,256,2736,742)
(58352,415212013293,256,1056,520)
(58353,621102041581,256,256,400)
(58354,653180340717,256,1624,724)
(58355,4501469997549,256,4224,862)
(58356,4501469993715,256,864,682)
(58357,378302434035,256,832,632)
(58358,378427218675,256,1120,740)
(58359,4501469866739,256,4562,792)
(58360,419502003561,424,2668,1162)
(58361,449499682153,384,1152,724)
(58362,425894122857,352,880,956)
(58363,455825200489,384,1136,894)
(58364,438682553705,256,960,638)
(58365,434421140841,448,2612,990)
(58366,464418819433,448,2648,864)
(58367,425898315113,256,832,636)
(58368,455829392745,256,1488,722)
(58369,451534949737,448,1760,846)
(58370,453257573737,256,1408,818)
(58371,466041812329,448,2488,974)
(58372,466142410217,384,1944,760)
(58373,419506195817,464,5108,1086)
(58374,423767608681,384,2608,758)
(58375,449503874409,448,3088,948)
(58376,432290434409,384,832,800)
(58377,449437273449,448,1480,942)
(58378,449404243305,384,1152,830)
(58379,468172518761,448,2632,974)
(58380,1257437826702,256,384,624)
(58381,1257429569166,256,384,596)
(58382,1248915000974,256,384,700)
(58383,831156569243,352,7380,968)
(58384,1248814403086,256,1408,778)
(58385,1274551049742,256,864,748)
(58386,1244619972110,256,1136,718)
(58387,3334256040723,256,576,790)
(58388,3309564236179,256,576,866)
(58389,434958011625,448,1952,898)
(58390,426435185897,256,880,700)
(58391,452071820521,256,800,642)
(58392,466079551337,448,2920,926)
(58393,472471670633,256,1840,762)
(58394,1247304394382,256,384,564)
(58395,830108116111,384,2360,816)
(58396,1289583107726,256,384,612)
(58397,1255793794574,256,960,626)
(58398,1276698271246,256,1456,866)
(58399,3308494623379,256,576,602)
(58400,1685787956379,256,5260,852)
(58401,1257404406926,256,384,524)
(58402,1244519570446,256,2690,878)
(58403,3304199658003,256,576,894)
(58404,457452131689,448,2164,1122)
(58405,459582838121,352,1440,1074)
(58406,1248789630478,256,1296,984)
(58407,1244495187470,256,864,648)
(58408,3300567325459,256,384,720)
(58409,453194911081,352,1940,978)
(58410,457456323945,384,1696,878)
(58411,459587030377,448,1504,894)
(58412,466146602473,384,1696,776)
(58413,1263821688462,256,384,732)
(58414,1247203986958,256,640,582)
(58415,1255768641038,256,768,846)
(58416,1242942574094,256,768,736)
(58417,3300558940947,256,384,706)
(58418,1250936851982,256,1056,994)
(58419,3300442542739,256,384,868)
(58420,1248814599310,256,576,712)
(58421,1244553186446,256,576,612)
(58422,1244494416910,256,1152,928)
(58423,3300442020371,256,384,812)
(58424,1247203992718,256,960,584)
(58425,1259526728846,256,576,644)
(58426,1242909027342,256,1184,756)
(58427,3308482110099,256,384,724)
(58428,427555063149,424,1972,924)
(58429,457552741741,480,1656,872)
(58430,440339301741,352,640,760)
(58431,466075567469,384,864,764)
(58432,457453110637,352,960,816)
(58433,453191697773,448,1408,864)
(58434,466142422381,384,1200,684)
(58435,440439703405,352,1296,760)
(58436,466076338029,448,1632,716)
(58437,3334373415603,256,576,682)
(58438,3303788550451,256,928,744)
(58439,3316606341555,256,864,866)
(58440,3320305719475,256,928,818)
(58441,427559257325,480,2148,872)
(58442,466080015597,448,1320,744)
(58443,440343495917,448,640,716)
(58444,466079761645,448,864,668)
(58445,457457304813,448,960,732)
(58446,453195891949,448,1368,800)
(58447,457490334957,384,768,620)
(58448,472497032557,464,1736,848)
(58449,457582087533,480,1880,872)
(58450,466104913261,384,960,764)
(58451,472597434221,384,1216,604)
(58452,1263872018078,256,384,520)
(58453,3350349392691,256,384,520)
(58454,1263838465566,352,2160,998)
(58455,831281874331,352,2256,940)
(58456,1263846723102,256,576,648)
(58457,1289582988830,256,1296,748)
(58458,1259577052702,256,1680,862)
(58459,1251062484510,256,1056,878)
(58460,3317130627891,256,384,658)
(58461,3334244436787,256,576,780)
(58462,1289583369758,256,1976,906)
(58463,1259652292126,256,1456,814)
(58464,3333769562931,256,384,674)
(58465,3303663767731,256,576,754)
(58466,3303663765811,256,576,910)
(58467,1248806603806,256,2016,1010)
(58468,1257396030494,256,1152,812)
(58469,1244512160798,256,3090,890)
(58470,1244611791902,256,1152,866)
(58471,1685788476827,256,1872,796)
(58472,3316564400691,256,384,878)
(58473,3333711239731,256,576,764)
(58474,4984322708891,256,4676,786)
(58475,3334272817715,256,384,838)
(58476,3303663245363,256,576,910)
(58477,1685846660507,256,2016,748)
(58478,4984347481499,256,2160,630)
(58479,1259551890462,256,2520,910)
(58480,3304249985587,256,576,874)
(58481,3308544950963,256,576,710)
(58482,440443897581,352,1344,816)
(58483,466080532205,448,1632,732)
(58484,466171768173,384,1264,684)
(58485,1263822472862,256,384,400)
(58486,1263821950494,256,1584,998)
(58487,1259527507486,256,1376,930)
(58488,3300617653043,256,576,828)
(58489,3300467706163,256,864,1004)
(58490,3300584102451,256,576,868)
(58491,3300501258675,256,864,956)
(58492,6633590146491,256,2160,708)
(58493,4990765155771,256,5126,896)
(58494,833647486419,256,1088,600)
(58495,833580631507,256,1152,576)
(58496,361071065805,256,3952,688)
(58497,833647613389,256,1088,544)
(58498,833647486413,256,1120,512)
(58499,833580631501,256,1888,624)
(58500,2269110315917,256,1152,720)
(58501,842170288365,256,864,504)
(58502,223894231838,256,1472,600)
(58503,345251063539,256,2464,624)
(58504,842162030829,256,384,368)
(58505,833639236845,256,256,384)
(58506,842237270259,256,1056,520)
(58507,842237270253,256,1408,504)
(58508,833648395763,256,768,456)
(58509,4536310831006,256,1680,536)
(58510,2475530981235,256,1440,560)
(58511,826383328855,256,1296,564)
(58512,2474727837555,256,576,432)
(58513,833648395757,256,1056,520)
(58514,826131309779,256,1088,624)
(58515,826129340627,256,1216,596)
(58516,826129213651,256,2488,700)
(58517,2476738779859,256,384,456)
(58518,2476472477139,256,1152,710)
(58519,344965459597,256,1088,668)
(58520,4674277423821,256,2028,714)
(58521,826120956115,256,2048,564)
(58522,1650891482199,256,384,448)
(58523,826012428375,256,1584,536)
(58524,826179660243,256,1584,612)
(58525,2476613995219,256,768,592)
(58526,2476405622227,256,2016,766)
(58527,826282927191,256,1296,644)
(58528,2508548680147,256,1152,612)
(58529,2508550776275,256,1152,742)
(58530,6598707947981,256,576,580)
(58531,361870080717,256,832,432)
(58532,345090767565,256,1728,686)
(58533,2476738910675,256,512,400)
(58534,2476464088787,256,1808,612)
(58535,344964983437,256,864,584)
(58536,344960873421,256,1728,580)
(58537,827253397965,256,2084,732)
(58538,2476738783699,256,576,572)
(58539,2476671928787,256,1948,732)
(58540,2476472473299,256,384,448)
(58541,2476347688659,256,768,724)
(58542,2475398735571,256,576,612)
(58543,2508548676307,256,384,496)
(58544,2491379033811,256,1296,786)
(58545,6599781685715,256,576,728)
(58546,208595573518,256,384,592)
(58547,2475262454669,256,864,648)
(58548,414754152275,256,1440,592)
(58549,346026226637,256,512,496)
(58550,345023687565,256,768,536)
(58551,2475331880659,256,928,644)
(58552,2508540291795,256,576,520)
(58553,2508550772435,256,384,472)
(58554,6599781717459,256,576,584)
(58555,346303110995,256,768,448)
(58556,620904002509,256,576,352)
(58557,2476739172595,256,576,504)
(58558,2476464481523,256,2088,674)
(58559,206984321822,256,512,548)
(58560,2337274508062,256,1344,686)
(58561,207100721950,256,2016,642)
(58562,2508548942067,256,2232,604)
(58563,2508551038195,256,1152,730)
(58564,6598724724973,256,576,628)
(58565,215304805150,256,384,464)
(58566,345246934771,256,1472,528)
(58567,207048317726,256,1248,658)
(58568,345222162163,256,1440,576)
(58569,826132219123,256,768,456)
(58570,826132187379,256,1056,520)
(58571,2476730788083,256,576,488)
(58572,1650891998807,256,384,384)
(58573,2476738791667,256,576,588)
(58574,2476663933171,256,1152,656)
(58575,2476672190707,256,2388,700)
(58576,826012944983,256,832,520)
(58577,2476789107443,256,1088,624)
(58578,2476472866035,256,384,424)
(58579,2476472485107,256,864,650)
(58580,2476405884147,256,2952,786)
(58581,2476397626611,256,1296,710)
(58582,2476473386483,256,2016,722)
(58583,2475399128307,256,768,516)
(58584,826283443799,256,2232,604)
(58585,2508549069043,256,576,488)
(58586,2508542780659,256,960,714)
(58587,6599798462707,256,768,692)
(58588,6631717149171,256,1728,588)
(58589,6631977167341,256,960,714)
(58590,6631985583597,256,3240,804)
(58591,208597030302,256,384,424)
(58592,211010362142,256,576,588)
(58593,415026695539,256,1488,488)
(58594,223895231326,256,768,480)
(58595,2337404007326,256,1728,528)
(58596,2268686627742,256,4604,684)
(58597,2337829883757,256,576,432)
(58598,207015287582,256,576,524)
(58599,207048840094,256,1152,614)
(58600,207165240222,256,1728,642)
(58601,2475264642925,256,3216,604)
(58602,2475332273395,256,928,612)
(58603,2508540684531,256,576,472)
(58604,2508551165171,256,384,464)
(58605,6599798335731,256,640,556)
(58606,2750403102295,256,384,416)
(58607,2478746412687,256,384,456)
(58608,2508665989619,256,1152,564)
(58609,2508551685619,256,2016,746)
(58610,6598766660077,256,864,636)
(58611,6631708764659,256,384,400)
(58612,6631985551853,256,2280,676)
(58613,688042683763,256,256,320)
(58614,1237798235507,256,1216,432)
(58615,2339708702573,256,256,320)
(58616,1650114899315,256,1824,504)
(58617,2474727837549,256,768,504)
(58618,827254180333,256,512,400)
(58619,2476739693043,256,1920,724)
(58620,2476522800883,256,2256,756)
(58621,6631708764653,256,864,580)
(58622,6631985551859,256,4080,838)
(58623,223894707998,256,1632,584)
(58624,210793378590,256,1152,710)
(58625,2474727837534,256,1440,580)
(58626,208868361694,256,1056,472)
(58627,207047873310,256,864,592)
(58628,207064642334,256,864,614)
(58629,2339708702558,256,576,500)
(58630,206989320670,256,1824,588)
(58631,2508665858803,256,2320,604)
(58632,2508551554803,256,1296,734)
(58633,6599840270835,256,2812,712)
(58634,2475399644915,256,928,612)
(58635,2508665985779,256,576,504)
(58636,2491437745907,256,2640,794)
(58637,6599832013299,256,1760,732)
(58638,6631717149165,256,1392,520)
(58639,6631985583603,256,4072,722)
(58640,6631977167347,256,864,682)
(58641,693742703915,448,4686,904)
(58642,1277763624462,256,1200,730)
(58643,3307957752595,256,768,790)
(58644,1258989727246,256,864,870)
(58645,1260600339598,256,576,692)
(58646,1243957865486,256,1296,864)
(58647,3307945239315,256,384,820)
(58648,3309314483437,256,864,576)
(58649,3305053070573,256,2280,724)
(58650,3311445189869,256,384,524)
(58651,1685846594987,256,8374,804)
(58652,4984347479467,256,960,630)
(58653,859572710611,256,3552,736)
(58654,859572710605,256,1680,704)
(58655,2270989356941,256,512,496)
(58656,1377682886231,256,1216,528)
(58657,1170937649502,256,256,352)
(58658,2475264642931,256,1216,432)
(58659,2475264642910,256,1120,464)
(58660,9073697664211,256,576,456)
(58661,9073437646035,256,2424,814)
(58662,9073706048723,256,2396,692)
(58663,9073429261523,256,576,560)
(58664,9072363908307,256,1344,692)
(58665,1409043344595,256,1152,754)
(58666,9075559967955,256,384,448)
(58667,9898314603731,256,1488,680)
(58668,1409044253939,256,864,626)
(58669,9079855320307,256,256,352)
(58670,9898315386099,256,576,556)
(58671,1409169038579,256,1152,638)
(58672,9079980625395,256,768,448)
(58673,9898431786227,256,384,524)
(58674,1409168911603,256,1860,826)
(58675,9075685534963,256,1344,560)
(58676,9898431913203,256,1296,712)
(58677,1409160654067,256,1152,746)
(58678,9075677277427,256,384,432)
(58679,9897089772787,256,864,660)
(58680,361876273869,256,3704,688)
(58681,843988933843,256,2472,632)
(58682,1410907712723,256,960,694)
(58683,1684711877843,256,576,472)
(58684,846138092755,256,864,632)
(58685,2338899335054,256,1152,592)
(58686,208868351827,256,1088,496)
(58687,1668622261459,256,1392,738)
(58688,225506926478,256,5504,680)
(58689,2510427983091,256,1392,604)
(58690,2493281144051,256,1680,730)
(58691,850447895789,256,1296,628)
(58692,2268567640862,256,768,600)
(58693,207812175603,256,2564,624)
(58694,3301769514583,256,768,564)
(58695,2493283208435,256,864,626)
(58696,2510430047475,256,576,464)
(58697,850447895795,256,576,500)
(58698,2754161184343,256,864,564)
(58699,1658944523863,256,512,400)
(58700,1384075005527,256,576,540)
(58701,1170669214110,256,576,464)
(58702,208868363635,256,384,352)
(58703,692068724083,256,576,432)
(58704,1241807760755,256,576,488)
(58705,2338903494509,256,256,320)
(58706,2768150662387,256,864,662)
(58707,834335968855,256,864,630)
(58708,212623071582,256,576,544)
(58709,1654109973875,256,3024,616)
(58710,2475530981229,256,768,504)
(58711,1411033279731,256,2088,826)
(58712,1684837444851,256,1440,734)
(58713,863424949491,256,1440,628)
(58714,2475530981214,256,576,464)
(58715,2338903494494,256,384,432)
(58716,1685913246963,256,864,742)
(58717,438669976937,384,768,860)
(58718,434408564073,464,2160,1058)
(58719,464406242665,384,864,792)
(58720,451647157609,384,1200,826)
(58721,439206847721,256,960,744)
(58722,426422609129,480,2232,966)
(58723,456353686761,384,864,712)
(58724,455946309481,256,1536,758)
(58725,464469135209,448,1592,906)
(58726,472459284329,448,1680,852)
(58727,1248378132110,256,384,620)
(58728,693742767403,256,1152,684)
(58729,1290656718478,256,256,524)
(58730,1256859147790,256,1536,768)
(58731,1256867405326,256,5632,722)
(58732,1244083166734,256,576,572)
(58733,3333710787347,256,384,614)
(58734,693742322987,384,864,792)
(58735,1685812661547,256,2280,824)
(58736,451651349865,448,1832,1014)
(58737,464435588457,384,1152,914)
(58738,468164324713,448,1728,984)
(58739,464535990121,384,2464,752)
(58740,1264895299214,256,384,756)
(58741,1248252825102,384,864,882)
(58742,1256842251790,256,768,942)
(58743,1243958382094,256,576,652)
(58744,3316535046931,256,384,694)
(58745,1252010462734,256,800,718)
(58746,3300438348563,256,384,790)
(58747,456483180265,384,1200,794)
(58748,1263284819598,256,384,684)
(58749,1258989854222,256,864,738)
(58750,1248252830862,256,384,548)
(58751,1248277730446,256,3720,680)
(58752,1260600466574,256,384,476)
(58753,1243982765070,256,3768,732)
(58754,3300491895571,256,384,742)
(58755,434437923949,464,1296,888)
(58756,455846692461,448,960,792)
(58757,455846175853,448,1152,816)
(58758,472484455789,352,960,856)
(58759,468223042925,464,1440,928)
(58760,472518002541,384,864,604)
(58761,1263880406430,256,384,552)
(58762,693842920875,352,2568,940)
(58763,1263846853918,352,1536,998)
(58764,1289583119646,256,1296,864)
(58765,1259585441054,256,864,726)
(58766,3317134822067,256,576,726)
(58767,1289583373598,256,1664,850)
(58768,1259652295966,256,864,646)
(58769,3334306433715,256,576,646)
(58770,3303659573555,256,1392,818)
(58771,472488649965,448,960,788)
(58772,468227237101,480,1440,832)
(58773,1297090913694,256,640,536)
(58774,693872203179,448,4124,872)
(58775,1263309985054,448,3804,922)
(58776,1263301600542,256,1584,696)
(58777,1250525619486,256,864,734)
(58778,1292804202014,256,2072,806)
(58779,1263846855838,256,576,580)
(58780,1263838471326,256,960,668)
(58781,1251062490270,256,576,612)
(58782,1247204381726,256,864,668)
(58783,1247204254750,384,2016,862)
(58784,1243009442846,256,1152,704)
(58785,1685813628331,256,1488,676)
(58786,3333711635123,256,576,662)
(58787,3303442458221,256,4908,696)
(58788,3311432607341,256,384,440)
(58789,1685846658475,256,960,656)
(58790,4984347415979,256,2688,686)
(58791,1259551763486,256,1312,752)
(58792,1259543505950,256,3450,854)
(58793,3304245856819,256,640,698)
(58794,3303713180211,256,3112,846)
(58795,3308540822195,256,864,738)
(58796,1685846214059,256,1840,880)
(58797,2785324287403,256,576,778)
(58798,1685875559851,256,1536,800)
(58799,472522196717,384,864,652)
(58800,1263284831518,256,576,922)
(58801,1250400961822,256,864,754)
(58802,1267042913566,256,1120,946)
(58803,1263821702302,256,576,728)
(58804,1250995635358,256,576,612)
(58805,3341763715763,256,576,682)
(58806,1250962082846,256,1736,974)
(58807,1259526736926,256,1152,934)
(58808,3300459317811,256,1760,920)
(58809,3300492347955,256,640,820)
(58810,3300492870323,256,864,836)
(58811,6633614919099,256,1944,694)
(58812,2800356607419,256,2320,772)
(58813,4990789928379,256,1296,650)
(58814,1267042788510,256,576,668)
(58815,1250400441374,256,1152,838)
(58816,3303712989747,256,3348,794)
(58817,859556195539,256,1776,662)
(58818,859556195533,256,3372,734)
(58819,859673243091,256,3660,822)
(58820,859673243085,256,3742,734)
(58821,2270989359821,256,864,622)
(58822,859573619955,256,2016,656)
(58823,859673505011,256,1728,624)
(58824,859573619949,256,1120,560)
(58825,859698277619,256,1536,592)
(58826,1377749487247,256,2952,704)
(58827,1377749487191,256,4128,748)
(58828,859673505005,256,1728,608)
(58829,859698277613,256,2016,656)
(58830,1170937126174,256,384,400)
(58831,2270452649453,256,704,384)
(58832,346303120862,256,512,384)
(58833,827378011347,256,1088,620)
(58834,827494411475,256,640,524)
(58835,9073681149139,256,640,424)
(58836,9073413393875,256,864,520)
(58837,827494538451,256,2156,756)
(58838,9073681796563,256,864,488)
(58839,9073798196691,256,864,456)
(58840,9073412746451,256,2224,568)
(58841,9073538051539,256,3408,724)
(58842,826420800717,256,2408,684)
(58843,9073806454227,256,1648,560)
(58844,9073529794003,256,864,512)
(58845,9072464440787,256,640,476)
(58846,4707578097107,256,4116,718)
(58847,9088444739027,256,864,532)
(58848,13196849229267,256,1744,548)
(58849,827495320819,256,1120,552)
(58850,9073698573555,256,576,520)
(58851,9073798458611,256,384,456)
(58852,9073438428403,256,3536,786)
(58853,9073538960883,256,2896,722)
(58854,827553123571,256,960,536)
(58855,9073706831091,256,1184,616)
(58856,9073823231219,256,960,592)
(58857,9073430170867,256,576,544)
(58858,9073554955507,256,2592,782)
(58859,9072364817651,256,1184,612)
(58860,4707603258611,256,2304,712)
(58861,9088469900531,256,2448,746)
(58862,13196866006259,256,1088,580)
(58863,5532480216301,256,1008,610)
(58864,9913346858221,256,1152,676)
(58865,13198996712691,256,864,448)
(58866,2285478517662,256,1152,572)
(58867,4475911838622,256,512,320)
(58868,9073807363571,256,1840,632)
(58869,9073823358195,256,2208,740)
(58870,9073530055923,256,576,544)
(58871,9073554828531,256,1728,756)
(58872,9072464702707,256,1744,612)
(58873,4707603131635,256,1152,624)
(58874,9088469773555,256,3704,794)
(58875,13196866133235,256,2680,732)
(58876,5532480216307,256,1512,682)
(58877,9913346858227,256,1440,722)
(58878,13198996712685,256,1152,520)
(58879,4471616904990,256,576,608)
(58880,1185966923550,256,384,464)
(58881,9072481217779,256,1344,668)
(58882,4707594874099,256,1680,680)
(58883,9088461516019,256,576,564)
(58884,13195792395501,256,1328,660)
(58885,827900366029,256,1824,694)
(58886,827900366035,256,640,550)
(58887,844005321939,256,1936,668)
(58888,208864975694,256,864,604)
(58889,828027088077,256,864,690)
(58890,844013706451,256,2968,732)
(58891,9090309103309,256,768,400)
(58892,4709442461389,256,3256,738)
(58893,876184149709,256,4146,794)
(58894,208864452366,256,576,652)
(58895,2475268745933,256,1296,696)
(58896,346307305165,256,2656,616)
(58897,207521985485,256,768,544)
(58898,861279530451,256,3950,716)
(58899,4709444525773,256,2280,646)
(58900,9090311167693,256,256,256)
(58901,876186214093,256,2280,650)
(58902,2338899336014,256,640,400)
(58903,414758346445,256,640,472)
(58904,208587338701,256,256,400)
(58905,4984320237261,256,4364,690)
(58906,216917056334,256,1296,656)
(58907,4467591355294,256,1632,536)
(58908,2337406104414,256,4188,684)
(58909,1393729785487,256,832,416)
(58910,861179907315,256,960,500)
(58911,846121455247,256,1728,564)
(58912,1667533950607,256,1152,456)
(58913,842925395599,256,1216,568)
(58914,1242344631539,256,1088,432)
(58915,692605594867,256,384,488)
(58916,2354197994334,256,384,432)
(58917,1392664432271,256,3024,686)
(58918,6633587674861,256,1296,650)
(58919,6633589739245,256,1728,682)
(58920,1700817743091,256,1296,682)
(58921,1654646844659,256,2736,616)
(58922,223690791838,256,1968,504)
(58923,223959227230,256,4188,652)
(58924,6597894118302,256,960,536)
(58925,846121455191,256,2008,604)
(58926,1393729785431,256,864,504)
(58927,1667533950551,256,1536,520)
(58928,1392664432215,256,2724,664)
(58929,842925395543,256,2040,712)
(58930,844131015923,256,1296,564)
(58931,4709469564141,256,960,564)
(58932,4709442727149,256,2136,650)
(58933,876209188083,256,1712,588)
(58934,1170668723486,256,1248,448)
(58935,1254686367518,256,576,608)
(58936,2476338449901,256,960,504)
(58937,414754162142,256,512,384)
(58938,6633587805677,256,2184,714)
(58939,6632514064109,256,1632,588)
(58940,1425948224755,256,2496,804)
(58941,225507939806,256,2352,544)
(58942,211074389790,256,864,680)
(58943,4536341274398,256,1824,552)
(58944,5498382524190,256,576,584)
(58945,2750142615021,256,1440,560)
(58946,207788335582,256,1056,512)
(58947,4984345402605,256,1440,610)
(58948,6632514064115,256,576,448)
(58949,6633587805683,256,864,610)
(58950,1425950289139,256,960,676)
(58951,1187579632990,256,832,432)
(58952,1187579600286,256,864,564)
(58953,3300972008862,256,576,448)
(58954,2750408953325,256,576,432)
(58955,345227223518,256,768,384)
(58956,217047013854,256,864,640)
(58957,827964361933,256,1296,726)
(58958,861183253715,256,1296,752)
(58959,1410922290387,256,864,532)
(58960,863313833165,256,864,722)
(58961,2339167770446,256,864,622)
(58962,209405222605,256,576,508)
(58963,206989308877,256,384,424)
(58964,211569487091,256,384,488)
(58965,2285210114974,256,1296,572)
(58966,861241838835,256,864,620)
(58967,2510450691315,256,1152,746)
(58968,2784254856435,256,576,564)
(58969,867625700595,256,576,636)
(58970,2785328467187,256,864,742)
(58971,3333993893107,256,384,400)
(58972,1417364737267,256,576,676)
(58973,1187577535902,256,864,564)
(58974,3301240444254,256,384,400)
(58975,2749609938413,256,864,432)
(58976,344960885214,256,512,384)
(58977,427504604505,352,1440,1026)
(58978,453141239129,256,832,644)
(58979,1248902352682,256,576,668)
(58980,440292971865,384,2632,950)
(58981,466029237593,256,2016,716)
(58982,427508733273,352,3566,1082)
(58983,457439810905,448,1184,840)
(58984,457565181401,448,1920,920)
(58985,436157322589,424,1620,924)
(58986,457565574493,448,1248,752)
(58987,466155001181,256,256,400)
(58988,346058730119,256,832,568)
(58989,620927605271,256,864,756)
(58990,346060827207,256,576,584)
(58991,346060794503,384,512,600)
(58992,346116532871,352,2768,784)
(58993,620936505991,256,384,750)
(58994,8867240291207,256,576,464)
(58995,689924384391,256,832,714)
(58996,621094841223,256,864,842)
(58997,1170727184967,256,384,604)
(58998,8867264543367,256,864,680)
(58999,4501413378951,256,2984,680)
