(20000,2276752214958,256,3648,736)
(20001,6598529681303,256,1392,652)
(20002,623206594734,256,2416,632)
(20003,346043362529,384,2768,768)
(20004,620921265377,256,1536,754)
(20005,344945965937,256,576,496)
(20006,344970274501,256,1152,644)
(20007,4468138616549,256,384,528)
(20008,361052286885,256,1408,528)
(20009,344950160113,256,928,508)
(20010,207511396273,256,1408,576)
(20011,4467577894821,256,576,448)
(20012,346043114693,448,2664,792)
(20013,620921271493,256,1536,748)
(20014,4469211837669,256,384,448)
(20015,4471359059173,256,384,448)
(20016,627340382117,256,576,448)
(20017,346043885253,448,3088,800)
(20018,620921788101,256,1152,640)
(20019,346044016069,256,1776,560)
(20020,620921791941,256,1376,696)
(20021,2270189225701,256,384,528)
(20022,2285220570853,256,384,528)
(20023,4469212358117,256,384,472)
(20024,2285220701669,256,384,472)
(20025,635930062757,256,1408,528)
(20026,635930189733,256,576,472)
(20027,361064673189,256,1408,528)
(20028,206974532438,256,1408,584)
(20029,4469200887717,256,576,472)
(20030,344421867414,256,864,536)
(20031,2270218062965,384,1024,576)
(20032,619287827573,384,1024,576)
(20033,2268555253365,256,512,448)
(20034,1169043633269,256,576,464)
(20035,2285250055541,256,512,448)
(20036,2272365284469,256,576,464)
(20037,344945980021,256,512,496)
(20038,623046431989,256,512,448)
(20039,207000482677,256,864,464)
(20040,4469212354389,256,384,552)
(20041,2285220570965,256,384,552)
(20042,4469228233845,384,1648,664)
(20043,2269121030035,256,864,576)
(20044,346061055093,384,2296,708)
(20045,2269131875445,384,1152,664)
(20046,2285237347957,256,1216,576)
(20047,620938957941,384,576,686)
(20048,2270205486197,384,576,620)
(20049,2285237478773,256,384,488)
(20050,4469228614773,256,1248,512)
(20051,4471375836277,256,1248,512)
(20052,4469188376469,256,1280,552)
(20053,635930076597,256,1376,576)
(20054,619825120693,384,1808,664)
(20055,361052300725,256,1376,576)
(20056,620898731445,384,672,620)
(20057,635930203573,256,576,488)
(20058,627340395957,256,768,512)
(20059,346049394901,256,1120,552)
(20060,207511403349,256,1280,596)
(20061,344950172277,256,384,516)
(20062,619887365813,256,1376,576)
(20063,344409296694,256,1376,616)
(20064,344946944885,256,1632,552)
(20065,620961107381,256,576,488)
(20066,344421882229,256,768,552)
(20067,344472197878,256,1440,576)
(20068,346073631861,256,6428,664)
(20069,635982498933,256,1488,624)
(20070,2285249930485,256,576,544)
(20071,361104977013,256,384,496)
(20072,4471388286069,256,384,496)
(20073,346021053685,256,2288,624)
(20074,627340874997,256,832,544)
(20075,352463488757,256,1856,496)
(20076,346083429621,256,1568,544)
(20077,344946167605,256,992,600)
(20078,344946946805,256,1856,544)
(20079,344438644406,256,864,560)
(20080,344950356693,256,576,544)
(20081,346149793685,256,576,512)
(20082,621027696533,256,864,512)
(20083,344958738325,256,864,556)
(20084,344950361781,256,576,548)
(20085,344951139061,256,576,562)
(20086,620903307509,256,864,636)
(20087,346149801653,256,576,520)
(20088,621027708341,256,576,520)
(20089,344958753013,256,576,568)
(20090,345009068789,256,2448,592)
(20091,619954347701,256,864,544)
(20092,344975515317,256,864,584)
(20093,621028089269,256,576,532)
(20094,352474929653,256,1776,596)
(20095,26458630567809,632,2792,1472)
(20096,2274781698125,416,3048,1108)
(20097,2274781698187,432,1980,1078)
(20098,2274781600263,384,672,720)
(20099,2289813953039,384,1248,670)
(20100,22093874208460,744,2828,1318)
(20101,2273833654443,384,1056,720)
(20102,2291395074281,512,1608,960)
(20103,22093874208481,640,2268,1070)
(20104,1172019000513,416,760,824)
(20105,1204222866657,384,912,616)
(20106,206991440769,416,808,824)
(20107,207108750241,384,880,616)
(20108,1205825088737,384,448,536)
(20109,207056447969,384,512,536)
(20110,1172018998593,432,784,896)
(20111,207023400455,256,256,464)
(20112,226718952914,480,1944,996)
(20113,1205296602465,384,448,592)
(20114,226706372306,560,4164,1084)
(20115,1205288217953,512,832,736)
(20116,1172035775585,384,1072,748)
(20117,240812713607,384,1088,748)
(20118,226714760658,544,3960,1004)
(20119,1205833407841,384,672,656)
(20120,1172048161889,384,928,692)
(20121,4468163489543,384,1136,692)
(20122,226169501522,448,2488,1018)
(20123,1205825023329,256,640,668)
(20124,226718953158,412,2016,1162)
(20125,210752122627,384,2400,708)
(20126,346060187155,432,1896,852)
(20127,210881621891,384,768,624)
(20128,243765920982,384,768,688)
(20129,218029655254,520,1936,1068)
(20130,218129286358,592,2304,980)
(20131,226718966998,520,2196,1052)
(20132,243753592406,256,576,700)
(20133,218017072726,688,1872,1014)
(20134,218016556118,608,1512,926)
(20135,213722113110,352,2592,872)
(20136,348191075971,480,2436,844)
(20137,348316381059,480,1704,788)
(20138,226714760902,624,4128,1196)
(20139,243761726806,256,1248,658)
(20140,226648171862,384,1632,780)
(20141,226647917910,512,1800,846)
(20142,218025461078,640,2272,950)
(20143,213764048214,512,1728,824)
(20144,218058491222,480,3816,974)
(20145,226177890118,352,3252,1092)
(20146,1205950788837,448,640,696)
(20147,1205833479365,432,720,728)
(20148,1180189369573,448,512,600)
(20149,1205826004197,256,256,416)
(20150,1180197754085,448,448,600)
(20151,1180197627109,352,640,672)
(20152,1205834388709,384,384,568)
(20153,1212275926245,448,1040,768)
(20154,1213341279461,448,768,616)
(20155,1213349663973,448,640,688)
(20156,207023400099,256,384,624)
(20157,1205296608581,256,480,700)
(20158,226706370274,472,3240,1110)
(20159,1205288219985,352,544,772)
(20160,1172044166213,352,1248,876)
(20161,240812713363,352,2160,876)
(20162,1179652498789,544,768,812)
(20163,1205289133413,256,256,584)
(20164,218129534194,544,1152,900)
(20165,226718960882,256,576,668)
(20166,1179660752241,448,640,796)
(20167,240829476627,256,768,528)
(20168,223636776723,448,2224,700)
(20169,344969799299,256,576,552)
(20170,240829476515,384,1152,708)
(20171,207123801763,256,256,544)
(20172,223636776611,448,2208,820)
(20173,378239018659,256,704,680)
(20174,1179660883301,432,880,844)
(20175,1205297517925,384,512,624)
(20176,1220328863077,544,640,768)
(20177,243753338098,384,1248,748)
(20178,218017072370,576,1536,860)
(20179,213755659506,576,2336,1062)
(20180,218116703474,496,2256,1032)
(20181,226639529202,448,1536,844)
(20182,226706384114,528,3000,1016)
(20183,1179652494705,448,768,908)
(20184,1188175320433,384,384,680)
(20185,1205289129329,384,384,680)
(20186,1220328732017,448,640,688)
(20187,1205288232037,256,256,544)
(20188,1188141773925,448,1152,700)
(20189,1187076420709,448,1320,820)
(20190,242142979698,256,512,648)
(20191,216506345074,472,2940,1134)
(20192,225095771762,352,1280,908)
(20193,1178578756977,360,1528,976)
(20194,1204215391601,256,512,544)
(20195,1220320474481,416,832,792)
(20196,1205296616549,256,256,496)
(20197,1179560350821,352,1304,872)
(20198,1205313385573,256,864,684)
(20199,1213353856229,384,512,536)
(20200,8866193354403,384,1152,628)
(20201,8866193354515,256,1568,648)
(20202,1205883800945,384,576,640)
(20203,4468163489187,448,1600,836)
(20204,344995016323,256,384,504)
(20205,223666249379,256,768,588)
(20206,345112325795,256,256,464)
(20207,8866205740707,448,1136,760)
(20208,4468163358371,256,832,712)
(20209,345112325907,256,256,488)
(20210,8866205740819,384,1640,668)
(20211,4468163358483,256,768,536)
(20212,1213349662053,512,672,704)
(20213,1213341273457,416,1040,808)
(20214,1205833485413,256,256,432)
(20215,1180097219685,384,1088,756)
(20216,1179564543077,384,864,668)
(20217,1212275920241,448,832,752)
(20218,1205837671621,384,512,544)
(20219,1180201946341,384,512,536)
(20220,1220869926117,384,512,568)
(20221,1221943536869,384,512,568)
(20222,1221943663845,256,384,416)
(20223,1205950786917,544,864,836)
(20224,378265151143,384,768,628)
(20225,378247472775,384,1088,756)
(20226,1205950782833,416,864,808)
(20227,378265151255,384,976,708)
(20228,1205850254437,384,1088,740)
(20229,378364782247,384,1088,740)
(20230,1205950655857,448,864,744)
(20231,378248374151,256,1088,648)
(20232,1205833477445,544,736,784)
(20233,226714758626,608,3240,1048)
(20234,1205833473361,448,640,696)
(20235,1172048358469,448,1248,836)
(20236,223666267303,448,1600,836)
(20237,226169501410,448,3664,1084)
(20238,1205825088849,384,864,720)
(20239,1180197752165,512,672,748)
(20240,1188720577893,384,576,640)
(20241,1205834386789,256,384,612)
(20242,1220865731941,432,960,892)
(20243,1221931085157,512,672,748)
(20244,243761976562,256,512,560)
(20245,226615137522,256,1152,648)
(20246,213830898930,448,1680,850)
(20247,226648167666,512,1696,860)
(20248,218125341938,384,1152,672)
(20249,226714768626,448,3000,836)
(20250,1180197621105,448,640,756)
(20251,1188720446833,256,384,528)
(20252,1205834255729,256,384,528)
(20253,240837865223,256,768,588)
(20254,1221939338609,448,640,688)
(20255,1205825037413,256,256,464)
(20256,1188678642789,384,768,628)
(20257,1187080612965,448,992,760)
(20258,240838649623,448,1216,760)
(20259,1221939342693,480,896,788)
(20260,243216467314,256,1248,650)
(20261,217580086642,384,1408,788)
(20262,217579832690,416,2012,962)
(20263,213218788722,544,2164,1002)
(20264,217480201586,512,1536,828)
(20265,217513231730,448,2556,942)
(20266,1180189363569,416,864,852)
(20267,1188712189297,384,576,648)
(20268,1205825998193,256,384,596)
(20269,345095562887,256,256,432)
(20270,4468138337927,384,1472,668)
(20271,1221931081073,416,864,792)
(20272,1205833421925,256,256,520)
(20273,1188686900325,384,880,708)
(20274,1188154223717,352,1248,824)
(20275,378277537559,352,1600,824)
(20276,1205317577829,384,1592,828)
(20277,223766669079,384,1880,828)
(20278,378251601543,256,832,656)
(20279,1220865727857,448,864,824)
(20280,1204252224613,384,1368,772)
(20281,223766668967,384,1624,772)
(20282,1221939469669,384,512,608)
(20283,1221930954097,352,960,816)
(20284,1205833294949,256,256,488)
(20285,1188687027301,256,1088,648)
(20286,1188154350693,384,1136,668)
(20287,378277275527,384,1312,668)
(20288,1220865600881,384,576,656)
(20289,1220857343345,384,992,748)
(20290,1205325962341,256,1136,652)
(20291,223766407047,256,1248,652)
(20292,1205837606213,256,384,616)
(20293,226177889762,352,2416,968)
(20294,1205837602129,256,384,544)
(20295,1213353790821,384,576,668)
(20296,217588471154,384,1800,790)
(20297,1180201749873,384,576,700)
(20298,8866205937287,384,1312,696)
(20299,1221943467377,384,576,640)
(20300,1180101348453,384,1136,696)
(20301,378277727911,384,1312,696)
(20302,1205854383205,256,1056,628)
(20303,4468293250727,256,1312,628)
(20304,4468293250839,256,928,572)
(20305,1220869729649,256,576,596)
(20306,1205862767717,256,1136,572)
(20307,378377351047,256,1312,572)
(20308,1180201821397,480,1184,680)
(20309,1205838456021,384,512,544)
(20310,1220869928149,432,1024,728)
(20311,1212405687541,448,1128,768)
(20312,1212405814517,448,768,616)
(20313,1228385985781,448,960,696)
(20314,1220995495157,384,1024,616)
(20315,1212397430005,448,976,688)
(20316,378247472531,352,1536,764)
(20317,1205950788949,360,912,918)
(20318,378265150899,352,1152,764)
(20319,1205850256469,256,1540,906)
(20320,378364782003,256,1864,906)
(20321,223661928227,384,1856,636)
(20322,378239084179,256,1152,700)
(20323,210878212003,448,2088,892)
(20324,378264758163,448,1296,700)
(20325,240813608867,384,768,636)
(20326,378248243091,448,1248,700)
(20327,345125234579,256,384,616)
(20328,1205950669941,256,384,616)
(20329,1194596672629,352,1728,816)
(20330,378239985555,256,1056,648)
(20331,1188737229941,256,1120,648)
(20332,1205851038837,384,1152,708)
(20333,240930008995,384,1152,708)
(20334,378265020083,352,1776,776)
(20335,378364651187,256,1728,820)
(20336,378365552563,256,2244,820)
(20337,344995030163,256,384,616)
(20338,243761726694,384,1248,716)
(20339,218025460966,576,1728,844)
(20340,213764048102,528,2368,1004)
(20341,218125092070,544,2000,896)
(20342,226647917798,448,1728,828)
(20343,226714772710,576,3000,1032)
(20344,1188720579925,448,640,792)
(20345,1180197754197,384,384,664)
(20346,1205834388821,384,384,664)
(20347,240837864867,384,1152,748)
(20348,1213349664085,352,640,744)
(20349,243216721510,256,576,660)
(20350,213218788966,512,1488,916)
(20351,213218272358,512,1824,1012)
(20352,213185242214,448,2400,852)
(20353,1188712195413,416,768,808)
(20354,1205826004309,256,256,552)
(20355,345095562643,256,256,560)
(20356,4468138337683,352,2208,904)
(20357,1221931087189,416,672,776)
(20358,1205825102933,256,256,560)
(20359,1180088837205,352,1056,764)
(20360,1178490807381,352,1304,904)
(20361,378277537203,352,1592,904)
(20362,378251601299,256,832,792)
(20363,1220865733973,448,832,888)
(20364,1205317579861,256,1384,892)
(20365,223766668723,256,1624,892)
(20366,208746983203,384,1152,624)
(20367,210882531235,384,864,624)
(20368,210869432099,384,2676,740)
(20369,210877689635,384,2544,732)
(20370,240837668643,384,768,680)
(20371,348308006547,384,1520,672)
(20372,345087174291,256,576,552)
(20373,1169721403283,448,1632,800)
(20374,210881818403,384,1152,764)
(20375,345095431827,256,576,584)
(20376,4468138206867,256,2016,748)
(20377,1169729660819,448,1728,832)
(20378,240838381475,384,768,680)
(20379,1221989799285,448,976,800)
(20380,1213466973557,448,1088,892)
(20381,378277144467,352,1888,816)
(20382,345096333203,256,384,632)
(20383,240825804707,256,768,568)
(20384,223766654883,384,1152,740)
(20385,1222056654197,384,672,672)
(20386,1228381918581,448,960,832)
(20387,1220865614965,256,384,568)
(20388,345112848275,256,384,568)
(20389,1221930968181,256,384,632)
(20390,1196194829429,448,1248,700)
(20391,1188204553333,256,1152,796)
(20392,240809289635,256,1248,796)
(20393,1188204680309,256,576,568)
(20394,1205318489205,384,1152,740)
(20395,240938266531,384,1152,740)
(20396,1220916061557,448,1264,940)
(20397,1228373534069,352,880,844)
(20398,345113110195,256,384,536)
(20399,1221939352693,256,384,536)
(20400,1195121091701,352,1368,776)
(20401,240826066739,256,1248,788)
(20402,1187130942581,256,1152,788)
(20403,1204244751477,256,576,512)
(20404,240955043635,256,576,512)
(20405,4468255516339,256,1720,836)
(20406,378368779955,256,832,736)
(20407,1212292703349,256,1424,820)
(20408,1211760026741,256,1512,836)
(20409,378394453939,256,2296,836)
(20410,1204302554229,256,768,736)
(20411,4468281190323,256,1840,736)
(20412,345124908435,256,256,448)
(20413,8866205937043,384,1360,748)
(20414,1213353856341,416,960,776)
(20415,1205837679701,256,384,432)
(20416,1180101413973,352,1800,888)
(20417,378277727667,352,2644,888)
(20418,4468293250483,256,1360,708)
(20419,348320964243,256,864,564)
(20420,8866205933203,256,640,600)
(20421,619994295955,256,576,496)
(20422,1169733980051,448,1968,724)
(20423,348320837267,384,1488,656)
(20424,345124777619,256,384,440)
(20425,4468167552659,256,576,660)
(20426,378277596851,448,1968,768)
(20427,361205608339,256,1848,756)
(20428,345125686963,256,384,488)
(20429,378252562323,256,1248,732)
(20430,378377346963,256,640,540)
(20431,378377219987,256,1712,680)
(20432,378368962451,256,832,648)
(20433,1213370633333,256,2068,788)
(20434,378378129331,256,2396,788)
(20435,1205913160821,256,1184,664)
(20436,4468293767091,256,1776,664)
(20437,8866323115699,256,640,652)
(20438,243225109862,256,576,604)
(20439,217588475238,416,4096,932)
(20440,226078270822,512,3840,1028)
(20441,226177901926,352,3948,996)
(20442,1180201946453,416,912,808)
(20443,1205838581077,256,256,552)
(20444,345124922519,256,256,432)
(20445,8866205951127,352,1520,888)
(20446,1221943663957,384,576,600)
(20447,1221943536981,448,672,704)
(20448,1205837489237,256,256,448)
(20449,1188691094613,384,1120,748)
(20450,378277733783,384,1764,748)
(20451,1205954981205,384,768,720)
(20452,1205854448725,256,1120,708)
(20453,378377364887,256,1632,708)
(20454,240838774567,256,768,600)
(20455,1213479423349,448,1088,724)
(20456,378277602967,448,1056,768)
(20457,1221993991541,448,1088,764)
(20458,1213471165813,448,1240,852)
(20459,1228386110837,448,1056,772)
(20460,1205963246709,256,384,432)
(20461,345125693079,256,256,432)
(20462,1205954798709,256,384,488)
(20463,1196207279221,448,1632,768)
(20464,1188741549173,256,992,624)
(20465,240826197799,256,832,624)
(20466,1180218723445,256,1152,732)
(20467,1205855358069,256,1344,540)
(20468,240955174695,256,768,540)
(20469,8866306352791,256,2220,788)
(20470,378368976535,256,832,664)
(20471,1222069230965,256,384,496)
(20472,378394650519,256,1680,680)
(20473,1222060846453,384,768,656)
(20474,1221960440949,256,1184,680)
(20475,1221960313973,256,1416,756)
(20476,378378135447,256,2036,756)
(20477,1205980015733,256,768,648)
(20478,361231296407,256,1152,648)
(20479,1220886703221,256,1360,652)
(20480,378394912439,256,1752,652)
(20481,26458362133377,660,1920,1284)
(20482,26460226501505,512,1016,1120)
(20483,26663981595521,700,2208,1384)
(20484,26460232789889,792,2350,1368)
(20485,26665594107777,840,2600,1424)
(20486,26664520560513,752,1996,1208)
(20487,2275315157519,384,1704,980)
(20488,26663987820417,656,1536,1068)
(20489,2271548803662,384,1952,956)
(20490,226589060802,432,2304,968)
(20491,1172016909473,256,512,580)
(20492,226589191618,672,2848,996)
(20493,213704420546,608,3068,1164)
(20494,210063636162,608,2900,1212)
(20495,1172016845985,384,896,892)
(20496,217462511298,512,2760,1116)
(20497,1172016844065,384,896,864)
(20498,226052322754,544,2696,964)
(20499,213167551682,384,2016,924)
(20500,1172012524833,384,1344,948)
(20501,1172012651809,256,1280,756)
(20502,233161402070,576,2376,1104)
(20503,258798036694,608,1824,888)
(20504,1245838747523,352,880,688)
(20505,234235139798,624,2604,1056)
(20506,259871774422,512,1968,808)
(20507,233090352982,560,3068,1110)
(20508,250204161878,576,2368,978)
(20509,234168288726,544,2368,880)
(20510,251282097622,512,1824,792)
(20511,229940180182,576,2908,1144)
(20512,259871257814,544,1704,908)
(20513,234155706198,576,2016,942)
(20514,251269515094,608,2208,950)
(20515,218175407958,608,4062,1202)
(20516,243812042582,528,2816,1062)
(20517,229935986006,544,4854,1010)
(20518,259867063638,384,1800,742)
(20519,1172016915589,352,1280,1030)
(20520,1188248466853,544,960,878)
(20521,233161395954,512,2216,964)
(20522,243882568946,512,1152,748)
(20523,1205344834993,512,864,938)
(20524,233081964274,472,5098,1088)
(20525,250195773170,512,4044,900)
(20526,1187174725041,480,1440,1018)
(20527,1179533100197,256,576,904)
(20528,1172016909585,352,1088,1008)
(20529,233157203698,384,1392,784)
(20530,258793838322,384,1632,784)
(20531,1205881703857,384,576,858)
(20532,234222556914,576,4484,1084)
(20533,259859191538,416,2868,940)
(20534,1188123676453,384,1632,814)
(20535,226765084402,576,3236,988)
(20536,243878893298,448,2480,856)
(20537,1188785335717,512,1152,806)
(20538,233090352626,496,3400,1064)
(20539,250204161522,544,2528,964)
(20540,1188785331633,512,1152,910)
(20541,1180069905573,384,768,902)
(20542,228862244082,448,3068,980)
(20543,258793321714,448,2368,860)
(20544,1205948558769,384,864,836)
(20545,1172016850181,448,1280,1040)
(20546,1172016719121,448,1280,1044)
(20547,1172016846097,256,768,732)
(20548,234235137522,624,2496,1012)
(20549,259871772146,448,1152,788)
(20550,1187174723365,448,1152,872)
(20551,234155705842,528,2672,1028)
(20552,251269514738,512,2704,1012)
(20553,1188240076581,448,1464,968)
(20554,1179533034789,384,960,1046)
(20555,218175407602,560,3236,1088)
(20556,243812042226,576,2480,988)
(20557,1179532903729,384,672,950)
(20558,229927597298,448,4436,1100)
(20559,259858674930,448,2880,968)
(20560,1188248461093,448,960,846)
(20561,226731537650,384,1392,812)
(20562,243878376690,448,1728,828)
(20563,232545093490,448,4068,1066)
(20564,249658902386,384,3496,862)
(20565,1178459292977,256,1008,904)
(20566,234230945266,544,4680,964)
(20567,259867579890,384,2504,728)
(20568,1205881638693,384,1392,792)
(20569,1180065711397,256,576,918)
(20570,232620332914,448,4206,894)
(20571,258256967538,256,2248,650)
(20572,1180065580337,256,576,834)
(20573,233090352870,460,4216,1222)
(20574,250204161766,472,2868,1082)
(20575,1188785337749,432,2276,962)
(20576,1180069971093,256,2716,1120)
(20577,1188785345717,384,1680,836)
(20578,1175950894261,384,864,786)
(20579,1205823915189,256,1648,716)
(20580,1180187280565,384,1776,886)
(20581,704697782051,384,1056,576)
(20582,1254487140259,448,640,528)
(20583,229940178150,536,2544,1088)
(20584,259871255782,416,1152,824)
(20585,234155706086,512,2016,964)
(20586,251269514982,512,2208,980)
(20587,1178518062869,416,1152,1032)
(20588,218175407846,544,3236,1168)
(20589,243812042470,512,2480,1036)
(20590,1179533100309,256,720,1090)
(20591,1391867516563,384,1536,704)
(20592,1391926220691,384,1152,584)
(20593,842111964819,384,1776,672)
(20594,704723339059,352,1464,672)
(20595,1383277708947,384,768,720)
(20596,1391867389587,256,1120,600)
(20597,1391926093715,256,384,432)
(20598,1383336413075,384,1056,552)
(20599,236315772150,512,2472,1036)
(20600,266313450742,544,2112,920)
(20601,253429581046,544,1824,964)
(20602,1205411702069,384,1152,926)
(20603,1188248474933,384,864,724)
(20604,1175364605237,384,4564,818)
(20605,1188181493045,256,864,892)
(20606,1205295301941,256,576,704)
(20607,1179658667317,384,768,934)
(20608,236269642870,432,2796,998)
(20609,253416998518,480,3312,970)
(20610,1187174737205,384,1152,916)
(20611,1174340412725,256,576,612)
(20612,1204221691189,256,576,884)
(20613,1178585056565,256,1296,736)
(20614,1178459751477,256,512,832)
(20615,1174165308469,256,1376,800)
(20616,234230945510,536,4996,1136)
(20617,259867580134,416,3568,884)
(20618,1188660547349,352,2964,1024)
(20619,696107910947,256,512,624)
(20620,1254487267235,448,1480,648)
(20621,704697718563,256,576,512)
(20622,1245897459619,256,1056,568)
(20623,1188660038709,256,1792,756)
(20624,1175775724597,256,928,720)
(20625,1651819888076,256,1440,608)
(20626,234164094438,544,1296,876)
(20627,251277903334,512,1152,780)
(20628,229935985894,448,3424,1072)
(20629,259867063526,448,1952,820)
(20630,1188785331989,448,1152,950)
(20631,232620336998,448,3128,1084)
(20632,258256971622,384,1872,840)
(20633,1180069905685,256,864,994)
(20634,236311577974,448,4012,974)
(20635,253425386870,448,3120,898)
(20636,266309256566,448,3664,850)
(20637,1188785343797,384,2040,808)
(20638,1205948507445,256,768,846)
(20639,1175901474101,256,2824,590)
(20640,1205832107317,256,576,692)
(20641,1188718298421,256,864,828)
(20642,1180195472693,256,384,802)
(20643,1180057781301,256,512,776)
(20644,1175825269813,256,1376,740)
(20645,1651819896044,256,2352,640)
(20646,3302320671969,256,384,580)
(20647,1169064147169,256,384,464)
(20648,344409828133,256,768,584)
(20649,2268575771105,384,768,748)
(20650,416115045960,448,2448,908)
(20651,1240736640082,384,1152,750)
(20652,3302320608481,384,672,806)
(20653,413133123404,384,1024,688)
(20654,2269381070561,384,672,576)
(20655,1375222574305,384,768,692)
(20656,416215641928,480,2856,972)
(20657,416215578440,256,1536,768)
(20658,1240761539666,384,1664,862)
(20659,3302308025953,384,1008,918)
(20660,1240736386130,256,1280,756)
(20661,3302316414305,256,960,802)
(20662,1257504812374,544,960,878)
(20663,344490052515,544,1152,664)
(20664,3299906791299,352,2052,880)
(20665,2341055408003,352,2592,1006)
(20666,1274668035670,384,864,870)
(20667,1256967943510,512,1152,806)
(20668,344496343779,512,1024,600)
(20669,1240761543750,448,1728,926)
(20670,1257504808534,448,960,894)
(20671,1274601180758,448,1464,1028)
(20672,1255894201942,448,1152,912)
(20673,1257504814294,448,960,772)
(20674,1274567634006,384,2184,932)
(20675,1274064311894,384,1392,852)
(20676,1274030765142,256,1584,842)
(20677,3318963539173,256,384,560)
(20678,688007304973,256,512,568)
(20679,1169196136675,256,256,448)
(20680,688008087341,256,864,536)
(20681,1274601114994,512,864,864)
(20682,1255894199666,480,1440,964)
(20683,1169064147587,352,960,864)
(20684,1169189845411,448,768,740)
(20685,619486451619,512,1888,748)
(20686,1169191778979,448,1344,800)
(20687,619434293667,480,1424,788)
(20688,1169122859683,352,960,880)
(20689,1169089312931,256,1248,748)
(20690,1240753089634,352,1760,886)
(20691,3302320678085,352,960,930)
(20692,2475298688675,256,384,620)
(20693,3317352795761,448,768,826)
(20694,3317352926821,448,768,856)
(20695,3317352926577,352,960,956)
(20696,3304468155505,256,576,842)
(20697,1274131164530,384,576,784)
(20698,619440584931,384,1248,668)
(20699,2268607228131,384,768,752)
(20700,3318963348709,384,768,808)
(20701,2475298244259,256,384,700)
(20702,2475298498211,256,384,572)
(20703,450034703964,384,576,620)
(20704,1273057422962,384,864,862)
(20705,3317352732273,384,864,858)
(20706,1274668035314,256,384,568)
(20707,3317352736357,256,576,636)
(20708,1256967937394,512,1152,858)
(20709,1274064309618,384,864,762)
(20710,2268707756771,384,768,676)
(20711,619441101539,512,1280,704)
(20712,2268707629795,384,768,716)
(20713,2268640774883,384,1344,756)
(20714,619374250467,384,1536,660)
(20715,2268707760611,256,768,636)
(20716,3318959346917,384,576,758)
(20717,3318959219941,384,576,778)
(20718,3306078702693,384,768,816)
(20719,3318950962405,256,384,678)
(20720,1240761474146,448,1760,934)
(20721,3302320608837,448,960,978)
(20722,1240736320610,256,512,732)
(20723,3302320481861,256,864,764)
(20724,3317340218993,384,1152,838)
(20725,449498355548,448,672,660)
(20726,1274667966066,448,1152,934)
(20727,3317348734565,448,768,976)
(20728,450035224412,448,848,744)
(20729,1255894195826,448,1272,1016)
(20730,3317340345969,352,1320,1052)
(20731,3304467965041,384,960,980)
(20732,2475298694791,256,384,620)
(20733,1257504808178,384,384,688)
(20734,3317348607589,256,384,736)
(20735,1274567564402,384,1536,840)
(20736,3304463967333,384,768,880)
(20737,450035226332,448,832,668)
(20738,1272990568050,448,960,894)
(20739,3317348603505,384,576,858)
(20740,1274601180402,256,384,640)
(20741,3317340350053,256,384,770)
(20742,1255894201586,256,768,740)
(20743,3317348734321,256,576,874)
(20744,1272957021298,256,1440,826)
(20745,3304463963249,256,576,874)
(20746,448424617820,384,384,572)
(20747,1274131160690,384,576,854)
(20748,3318959150693,384,864,928)
(20749,3306074510437,256,576,898)
(20750,1274064311538,256,640,580)
(20751,3318950766181,256,576,734)
(20752,1274030759026,256,1248,766)
(20753,3306074379377,256,576,814)
(20754,1256967941478,432,2276,962)
(20755,344461895819,432,1344,728)
(20756,1169129154955,352,960,808)
(20757,1169095604363,256,2064,936)
(20758,1169246460587,448,960,740)
(20759,1169129416875,256,1216,604)
(20760,1169096386731,384,1664,740)
(20761,1169246464427,352,1080,832)
(20762,1169145931947,256,1824,816)
(20763,3318963541205,352,3104,902)
(20764,3306078768213,256,3544,1020)
(20765,2749639530275,384,1664,636)
(20766,2341080504099,384,3140,786)
(20767,2337322866467,256,1248,640)
(20768,5498451699619,448,1152,700)
(20769,4540137121699,448,1872,814)
(20770,3351159017077,448,960,826)
(20771,4536408385443,256,1296,604)
(20772,3319013868789,256,1152,638)
(20773,3306196077685,384,2328,808)
(20774,3351167405429,352,1080,932)
(20775,3321111022709,256,3168,876)
(20776,1274601115238,416,1152,1024)
(20777,419466222712,416,1056,828)
(20778,1255894199910,416,1152,1004)
(20779,3317352928853,352,960,1028)
(20780,2475298702515,256,384,752)
(20781,1257504812262,384,384,704)
(20782,3317352801877,256,576,748)
(20783,1274567568486,256,1536,968)
(20784,3304468161621,256,816,1004)
(20785,5498929993363,384,1680,740)
(20786,4677517498003,384,2928,864)
(20787,5498988697491,384,1280,740)
(20788,4677576202131,384,2116,870)
(20789,4949174441619,384,1808,720)
(20790,4675370276499,384,3240,870)
(20791,4949224769203,352,2240,864)
(20792,4540128864163,352,4376,1006)
(20793,3299906864787,384,768,552)
(20794,2478494369427,384,1152,842)
(20795,5498929866387,256,1392,664)
(20796,4677517371027,256,1248,512)
(20797,4674296538771,256,1952,704)
(20798,1375821137811,384,576,552)
(20799,5498988570515,256,576,568)
(20800,2478500690515,256,576,496)
(20801,3299913185875,256,1392,632)
(20802,3299965568915,384,1248,756)
(20803,4677576075155,256,384,488)
(20804,2478553073555,384,2664,854)
(20805,1379022617171,256,2232,732)
(20806,3299351161611,352,640,576)
(20807,1239436188427,352,2328,812)
(20808,1239436194187,352,1296,672)
(20809,3350622148213,352,1080,1032)
(20810,416949955339,352,4320,896)
(20811,4674355242899,256,768,596)
(20812,1257405189238,384,1648,848)
(20813,1375821399731,384,2512,740)
(20814,1257504820342,384,864,724)
(20815,1244620950646,384,1248,834)
(20816,1248915393654,256,1216,776)
(20817,1274552028278,256,576,636)
(20818,2478500702323,256,576,528)
(20819,3303109257331,256,384,432)
(20820,1274568543350,384,1680,832)
(20821,3317403256437,256,864,816)
(20822,4674355250867,256,1392,768)
(20823,3317411513973,256,576,664)
(20824,1379022628979,256,1296,644)
(20825,3304593728629,384,768,872)
(20826,3350630536565,256,1080,886)
(20827,826065586067,384,2440,720)
(20828,1247237932150,384,1296,828)
(20829,1243059889270,256,992,688)
(20830,1247304787062,256,1520,760)
(20831,1247304533110,256,864,672)
(20832,4674354988947,256,1392,768)
(20833,3317411644789,256,864,816)
(20834,3304593855605,256,1392,720)
(20835,2475332241299,256,928,704)
(20836,3320574153845,256,1152,920)
(20837,3304469070965,256,576,736)
(20838,9088441305011,256,576,504)
(20839,4707574663091,256,1800,694)
(20840,13195503781811,256,1344,640)
(20841,422533695096,352,5172,796)
(20842,1274131164774,352,960,1040)
(20843,3318963344981,352,1368,1060)
(20844,2749639149347,256,576,660)
(20845,2341080377123,256,2232,810)
(20846,5498451826595,448,2208,828)
(20847,4540137248675,448,4608,950)
(20848,2749639593763,256,576,604)
(20849,2341080567587,256,384,496)
(20850,2337322739491,256,576,652)
(20851,3299428698019,256,1752,772)
(20852,2341114120099,256,1296,782)
(20853,688118728611,256,2232,660)
(20854,4536408512419,256,1392,720)
(20855,2337385383843,256,928,652)
(20856,3321110832245,256,1248,892)
(20857,3306079487093,256,2736,668)
(20858,8942441891763,256,384,400)
(20859,2371141928883,256,1440,652)
(20860,1172945722492,256,384,400)
(20861,10996509935539,256,960,568)
(20862,2270309851084,256,960,512)
(20863,1256967937638,448,1152,938)
(20864,422720997112,448,1152,784)
(20865,1274064309862,448,1152,946)
(20866,3318950958677,384,576,870)
(20867,1256967943398,256,576,704)
(20868,3318950831701,256,384,764)
(20869,1274030763110,256,1320,914)
(20870,3306074575957,256,576,958)
(20871,3351154824821,448,960,996)
(20872,3351154697845,384,864,758)
(20873,1256967951478,384,2544,722)
(20874,688119121703,384,1152,636)
(20875,1256868320374,256,2512,768)
(20876,1244084081782,256,768,680)
(20877,1256917865590,256,576,590)
(20878,1248378524790,256,864,712)
(20879,1256901350518,256,384,734)
(20880,3318976124021,256,576,638)
(20881,4536408778535,256,928,604)
(20882,3318980125813,256,864,768)
(20883,3306204271733,256,384,790)
(20884,2337385776935,256,928,640)
(20885,3321106703477,256,576,762)
(20886,3321098445941,256,768,896)
(20887,3306067100789,256,576,698)
(20888,8942442022823,256,576,472)
(20889,2371142059943,256,2064,692)
(20890,2276752299996,256,864,472)
(20891,10996510132119,256,960,580)
(20892,2270309864924,256,960,488)
(20893,3321106830453,256,576,874)
(20894,206970468257,256,256,464)
(20895,2269114699489,384,672,576)
(20896,619287329249,384,768,576)
(20897,635953130977,384,896,688)
(20898,361075224289,256,928,660)
(20899,346020060897,384,1792,688)
(20900,620897967585,256,1312,660)
(20901,4469228156273,448,1056,608)
(20902,344409814693,448,960,608)
(20903,4469228221681,384,1760,640)
(20904,344976076451,256,384,528)
(20905,4468166995557,384,704,560)
(20906,344410338021,384,960,560)
(20907,4468137834181,448,960,712)
(20908,4469228219761,384,1712,640)
(20909,2270205023857,352,1728,784)
(20910,2269131417189,448,864,728)
(20911,620937598065,448,1536,854)
(20912,2270205027697,384,768,684)
(20913,1170693403761,384,2192,712)
(20914,344946683557,384,768,684)
(20915,1169580011173,384,1056,712)
(20916,4468167191781,384,1136,696)
(20917,1169632373861,256,2872,680)
(20918,361052384997,256,2544,680)
(20919,344958807941,256,960,700)
(20920,344959069861,256,768,716)
(20921,4468118990565,256,1320,778)
(20922,206970861349,256,256,448)
(20923,1170676823237,352,832,664)
(20924,4469228156517,448,1088,608)
(20925,4468154414705,352,880,688)
(20926,619287328645,352,1072,664)
(20927,619287721381,448,864,608)
(20928,619287590565,352,1120,688)
(20929,1169043142309,256,384,624)
(20930,2270217800933,384,768,576)
(20931,619287343333,384,768,576)
(20932,344976076563,256,384,472)
(20933,346060076145,384,3232,776)
(20934,4468154610929,384,1760,640)
(20935,620937983077,256,768,636)
(20936,2270205224165,256,576,520)
(20937,619824205477,384,960,640)
(20938,620897947045,256,576,520)
(20939,4469240737125,384,640,560)
(20940,2270217604709,256,576,480)
(20941,619288113893,384,960,560)
(20942,2268554769125,384,768,584)
(20943,619288244709,256,768,480)
(20944,4469211444933,448,832,712)
(20945,2270188447173,256,768,624)
(20946,346059826277,448,2144,820)
(20947,4469228220005,448,1568,728)
(20948,346059695217,448,2928,904)
(20949,2269131286129,352,2208,784)
(20950,619828831879,256,384,448)
(20951,620938046565,384,768,756)
(20952,2270205158757,256,768,600)
(20953,1170693598309,384,1536,632)
(20954,346060139633,448,3424,792)
(20955,2269131416945,384,768,640)
(20956,620937602149,256,384,700)
(20957,2270205027941,256,384,628)
(20958,344986084465,256,1760,830)
(20959,4468154478193,256,1056,716)
(20960,1169619793009,256,1792,656)
(20961,619824197509,448,1600,712)
(20962,620897935237,256,1680,624)
(20963,619824590245,448,1696,728)
(20964,619824459429,352,1792,784)
(20965,620898200997,256,768,600)
(20966,623045422501,384,960,632)
(20967,619824586405,384,1024,640)
(20968,620898327973,256,768,628)
(20969,620898197157,256,768,716)
(20970,627340388837,256,1152,656)
(20971,346072656997,384,4680,780)
(20972,4469240802533,384,992,696)
(20973,620950559845,256,2248,670)
(20974,4469240929509,256,800,604)
(20975,1170705984613,256,1872,616)
(20976,619824688357,384,1984,696)
(20977,620898426085,256,1312,604)
(20978,635930291685,256,2368,616)
(20979,346032418693,256,1152,640)
(20980,346033330917,256,768,632)
(20981,361064771301,256,2992,728)
(20982,346032807589,256,768,664)
(20983,1169592397477,256,1152,744)
(20984,2270177762021,256,768,652)
(20985,2270217801045,352,960,664)
(20986,4469291062901,448,960,608)
(20987,4468217325173,352,1328,688)
(20988,619287819605,352,960,664)
(20989,4467577993045,256,1264,736)
(20990,619288598133,448,960,608)
(20991,4467578001013,384,1152,584)
(20992,344410695285,352,1328,688)
(20993,4467578254965,256,1088,624)
(20994,4469228222037,352,1600,744)
(20995,346059891797,416,2176,832)
(20996,4468154611285,352,1600,744)
(20997,1169584645299,256,384,552)
(20998,620938048597,384,768,764)
(20999,2270205224277,256,864,608)
