(62000,207526178503,256,864,536)
(62001,2476468178663,256,4440,660)
(62002,6599510953703,256,960,480)
(62003,352743397207,256,960,480)
(62004,354485898983,256,864,644)
(62005,344424978263,256,576,464)
(62006,833513164519,256,640,384)
(62007,825996979911,256,1552,528)
(62008,2476338155239,256,2448,560)
(62009,2750142320359,256,768,528)
(62010,206976627431,256,512,384)
(62011,827861348039,256,576,536)
(62012,835377532647,256,864,464)
(62013,206970434279,256,384,320)
(62014,4538809624151,256,864,620)
(62015,1240317601367,256,1248,664)
(62016,4538851452503,256,864,572)
(62017,4538784851543,256,1152,696)
(62018,4538876606039,256,1584,640)
(62019,453132993615,256,576,504)
(62020,427380212815,256,576,480)
(62021,427496358991,256,576,400)
(62022,4675711706711,256,256,384)
(62023,431747147351,256,576,552)
(62024,418766251307,256,1440,608)
(62025,692570416427,256,960,536)
(62026,827354440847,256,3816,736)
(62027,418766964139,256,1152,624)
(62028,692571129259,256,1840,552)
(62029,415575098779,256,1824,704)
(62030,829472498987,256,1536,496)
(62031,829473211819,256,384,416)
(62032,831083111695,256,1824,632)
(62033,830009886491,256,864,504)
(62034,690586949207,256,512,496)
(62035,1377219683927,256,576,580)
(62036,418767226171,256,1152,520)
(62037,4675753535063,256,384,400)
(62038,692571391291,256,256,320)
(62039,4675686934103,256,864,588)
(62040,827355350191,256,768,440)
(62041,4675778688599,256,1152,556)
(62042,423224321623,256,384,432)
(62043,448960587351,256,576,488)
(62044,829473473851,256,1248,464)
(62045,448860956247,256,576,536)
(62046,431847679831,256,1152,552)
(62047,831084086559,256,1216,544)
(62048,692570933035,256,768,456)
(62049,4953177444139,256,768,456)
(62050,690453005711,256,1488,656)
(62051,842386433423,256,2016,664)
(62052,693304337511,256,576,622)
(62053,2339887416951,256,768,468)
(62054,2480351053739,256,576,456)
(62055,423091079083,256,1512,614)
(62056,829473015595,256,576,464)
(62057,846114967339,256,864,464)
(62058,431680185743,256,384,352)
(62059,431847687799,256,576,488)
(62060,837526063019,256,576,464)
(62061,833797326763,256,576,440)
(62062,620224505431,256,768,440)
(62063,361335285335,256,576,400)
(62064,413669877335,256,384,320)
(62065,415037437527,256,512,384)
(62066,1238597154391,256,1344,512)
(62067,1239670765143,256,960,464)
(62068,1241793214039,256,1248,560)
(62069,620108486231,256,704,432)
(62070,620157904471,256,576,552)
(62071,620224886359,256,1344,568)
(62072,689889777145,256,768,432)
(62073,346304321111,256,384,368)
(62074,352745858647,256,704,504)
(62075,361335666263,256,1056,520)
(62076,636213188183,256,3096,520)
(62077,344960882263,256,384,352)
(62078,1238303585879,256,576,464)
(62079,636214089559,256,3024,528)
(62080,627740682071,256,1152,640)
(62081,690422453753,256,384,416)
(62082,827861341689,256,640,384)
(62083,1239645599443,256,384,320)
(62084,1238571988691,256,1536,480)
(62085,1238765184119,256,768,468)
(62086,636205713015,256,1152,504)
(62087,691769776027,256,1152,480)
(62088,361336194679,256,768,456)
(62089,415037044435,256,1120,432)
(62090,413963433683,256,1584,544)
(62091,4538373293487,256,1152,570)
(62092,1239378106267,256,768,432)
(62093,416900257691,256,2256,560)
(62094,1241801602447,256,256,256)
(62095,692046050703,256,384,440)
(62096,689915344271,256,576,550)
(62097,1239386494863,256,384,400)
(62098,627741070967,256,2664,600)
(62099,691778164623,256,2664,540)
(62100,627624674679,256,4608,460)
(62101,416917034621,256,704,384)
(62102,623446627959,256,864,594)
(62103,2272713156215,256,864,540)
(62104,4471669302903,256,960,528)
(62105,1241525589629,256,864,540)
(62106,830009435291,256,1984,664)
(62107,830010082715,256,576,552)
(62108,4951126414935,256,1248,632)
(62109,830010344635,256,576,464)
(62110,4679373481359,256,1344,576)
(62111,2480351250319,256,672,456)
(62112,831083824527,256,992,600)
(62113,846115169679,256,1512,612)
(62114,4953177646479,256,512,320)
(62115,1685375206575,256,576,684)
(62116,837526128539,256,1008,564)
(62117,2480351119259,256,768,400)
(62118,842356942423,256,1152,520)
(62119,833767515735,256,576,624)
(62120,842357323351,256,1728,608)
(62121,842357851767,256,1904,456)
(62122,4675615254103,256,384,320)
(62123,4949419419223,256,576,464)
(62124,827325978199,256,768,480)
(62125,2476592506455,256,384,552)
(62126,4675615635031,256,960,536)
(62127,2750396671575,256,384,416)
(62128,4949419800151,256,768,496)
(62129,4950493156951,256,2320,520)
(62130,4950494058327,256,2224,504)
(62131,4956935595863,256,864,644)
(62132,2766502274903,256,1024,480)
(62133,6599760586583,256,576,536)
(62134,4675616163447,256,768,456)
(62135,4949420328567,256,576,464)
(62136,826251888207,256,384,456)
(62137,2766502663799,256,864,564)
(62138,4956935984759,256,1152,520)
(62139,6599760975479,256,1152,456)
(62140,4950494070135,256,3072,424)
(62141,1666991560311,256,1248,440)
(62142,4952641541751,256,576,564)
(62143,5500249871991,256,384,456)
(62144,6601908070007,256,864,588)
(62145,3316258088567,256,1152,540)
(62146,1169048291503,256,576,456)
(62147,1237828535671,256,1664,540)
(62148,4709438121559,256,576,416)
(62149,4709442250327,256,1152,580)
(62150,13197371369047,256,1296,572)
(62151,4952640644523,256,768,480)
(62152,708676085163,256,1440,644)
(62153,4541934396843,256,2376,608)
(62154,842923107739,256,2160,728)
(62155,4954251251471,256,864,520)
(62156,1393794590295,256,576,714)
(62157,4683705984599,256,768,520)
(62158,5500857067095,256,576,696)
(62159,4709438502487,256,1440,694)
(62160,4709467403863,256,1152,620)
(62161,13197396522583,256,2376,640)
(62162,2785293276759,256,576,682)
(62163,4984378857303,256,2088,662)
(62164,4952640638763,256,1152,520)
(62165,708676079403,256,1584,564)
(62166,4541934391083,256,1152,456)
(62167,843996849551,256,2352,664)
(62168,2372981524087,256,1152,594)
(62169,2373106308727,256,864,580)
(62170,6599857047159,256,1152,468)
(62171,4954251257231,256,1248,576)
(62172,827088610519,256,1792,512)
(62173,1238299457111,256,768,544)
(62174,1650084353947,256,768,432)
(62175,829204535195,256,2784,580)
(62176,1375214835611,256,832,432)
(62177,1650092742543,256,768,400)
(62178,1378960348797,256,576,504)
(62179,413665748567,256,576,416)
(62180,1240207570519,256,1584,544)
(62181,1377109653079,256,960,496)
(62182,1242325890647,256,2112,640)
(62183,418795075159,256,512,384)
(62184,1243399501399,256,768,464)
(62185,1376827647191,256,768,520)
(62186,1651697165527,256,576,536)
(62187,1650631812311,256,576,472)
(62188,344428205655,256,384,448)
(62189,1375738345047,256,576,496)
(62190,413666129495,256,256,384)
(62191,418765780691,256,1216,432)
(62192,1377080358611,256,1056,432)
(62193,417692169939,256,2288,608)
(62194,1272391967863,256,1920,570)
(62195,1272521467127,256,672,456)
(62196,1237767690139,256,768,432)
(62197,416887871387,256,2568,580)
(62198,1240178276051,256,768,416)
(62199,3300315663479,256,1152,468)
(62200,688012138395,256,576,416)
(62201,691765647259,256,384,352)
(62202,415573849811,256,1184,528)
(62203,413142620059,256,1248,504)
(62204,1237775947675,256,256,320)
(62205,344474404471,256,576,432)
(62206,1246620722807,256,768,528)
(62207,413133981303,256,576,416)
(62208,3300151961207,256,576,432)
(62209,1243399632271,256,1696,400)
(62210,693644080527,256,1248,584)
(62211,688020526991,256,576,504)
(62212,1237776078735,256,1152,432)
(62213,691765778319,256,3072,580)
(62214,1241521460861,256,576,400)
(62215,416888133245,256,384,432)
(62216,1237767951997,256,1152,588)
(62217,346034395791,256,1248,416)
(62218,2269105990543,256,768,512)
(62219,414751775375,256,256,352)
(62220,2269372328847,256,576,464)
(62221,2270179728271,256,1600,480)
(62222,352476842671,256,864,480)
(62223,421194222255,256,576,432)
(62224,215029566127,256,832,432)
(62225,2270179740079,256,2544,440)
(62226,1177110551215,256,1152,540)
(62227,211061745015,256,768,480)
(62228,1380838389335,256,1120,496)
(62229,831083685079,256,576,592)
(62230,206989317719,256,384,496)
(62231,1375201539671,256,1152,560)
(62232,1375202449307,256,672,432)
(62233,1377617163987,256,1648,528)
(62234,825446897563,256,1008,504)
(62235,1650080225179,256,512,320)
(62236,345011209847,256,768,432)
(62237,1246088046199,256,960,528)
(62238,1655716296079,256,384,472)
(62239,1650080356239,256,576,432)
(62240,1375202711165,256,1568,528)
(62241,833498491791,256,1472,544)
(62242,833498499759,256,1216,432)
(62243,827056052879,256,1216,448)
(62244,2476323482511,256,1056,496)
(62245,2750127647631,256,512,384)
(62246,2751201385359,256,1264,464)
(62247,2476323490479,256,768,432)
(62248,2750127655599,256,576,416)
(62249,206975421103,256,832,432)
(62250,2751201397167,256,1696,400)
(62251,2753348868783,256,576,504)
(62252,1658132208303,256,768,400)
(62253,3300957199023,256,384,432)
(62254,207035704695,256,512,384)
(62255,207002674551,256,960,480)
(62256,207064606071,256,576,432)
(62257,4952640771499,256,384,320)
(62258,708676212139,256,2328,612)
(62259,4541934523819,256,2048,576)
(62260,842923298203,256,1824,632)
(62261,4954251187983,256,960,456)
(62262,2753617904955,256,2144,612)
(62263,700086666555,256,256,320)
(62264,2342911657275,256,576,576)
(62265,843997301935,256,864,504)
(62266,2752141887319,256,1152,608)
(62267,4679507424855,256,384,528)
(62268,1411033183831,256,1296,718)
(62269,5500919920215,256,1152,640)
(62270,2755228517663,256,576,600)
(62271,9356722673495,256,2016,686)
(62272,13200592582231,256,576,528)
(62273,5534075958871,256,864,718)
(62274,5534071830103,256,864,694)
(62275,2753617446699,256,1296,564)
(62276,2478740637611,256,576,440)
(62277,1654106787627,256,576,424)
(62278,693674091919,256,2144,628)
(62279,700086208299,256,576,440)
(62280,2342911199019,256,864,456)
(62281,2752036324751,256,864,666)
(62282,425209399211,256,1152,564)
(62283,2495382589355,256,1152,564)
(62284,2495382398891,256,864,520)
(62285,2342912165803,256,1280,456)
(62286,6602445066155,256,384,456)
(62287,2338109818795,256,1872,614)
(62288,2491653728155,256,2268,650)
(62289,2354751645595,256,576,440)
(62290,438122489755,256,2268,614)
(62291,1655717406095,256,384,508)
(62292,2755228255631,256,576,600)
(62293,2479277508507,256,576,456)
(62294,2495382464411,256,1512,564)
(62295,2495382591387,256,384,416)
(62296,6602444941211,256,1008,456)
(62297,5502396444459,256,1392,532)
(62298,2755257537935,256,6444,640)
(62299,6633612744311,256,1296,572)
(62300,6633583462007,256,864,594)
(62301,2357943510955,256,1728,564)
(62302,6601908070315,256,864,440)
(62303,2354214774699,256,3096,650)
(62304,827188622551,256,1440,560)
(62305,352743460695,256,512,448)
(62306,1376825446287,256,512,320)
(62307,826012667803,256,960,432)
(62308,1375751704475,256,384,320)
(62309,4675361879255,256,1440,528)
(62310,1376944174295,256,1944,640)
(62311,4675378394327,256,1312,544)
(62312,4950231397591,256,1728,552)
(62313,5499986949335,256,1152,568)
(62314,688824423929,256,512,480)
(62315,4949166044375,256,1216,488)
(62316,1650748339415,256,1248,604)
(62317,4949182559447,256,512,384)
(62318,5498921596119,256,960,520)
(62319,1651821950167,256,1152,620)
(62320,4950256170199,256,1632,528)
(62321,5499995206871,256,960,528)
(62322,353280266071,256,960,480)
(62323,826263311865,256,640,448)
(62324,344961847127,256,1088,432)
(62325,1243403689627,256,256,256)
(62326,1650913877659,256,768,400)
(62327,1240207629979,256,1248,440)
(62328,415574302363,256,864,572)
(62329,1239386558351,256,384,400)
(62330,1376944956663,256,2376,600)
(62331,4675379176695,256,960,480)
(62332,691778228111,256,2376,540)
(62333,692599299739,256,2504,464)
(62334,414753230735,256,384,416)
(62335,5499987731703,256,1728,504)
(62336,691769839515,256,1728,480)
(62337,825982312702,256,576,456)
(62338,1650749121783,256,1008,564)
(62339,4949183341815,256,576,416)
(62340,5498922378487,256,768,456)
(62341,692571030639,256,576,540)
(62342,1240179360879,256,384,432)
(62343,1650885608559,256,384,456)
(62344,1242338336411,256,928,400)
(62345,417721523867,256,2768,544)
(62346,4572000077231,256,1824,594)
(62347,13196893210031,256,1728,570)
(62348,4572062008751,256,768,456)
(62349,413679488923,256,1536,504)
(62350,1238312816539,256,1120,432)
(62351,416900321179,256,2608,560)
(62352,829476153231,256,384,384)
(62353,690422466447,256,1824,512)
(62354,414743388414,256,384,432)
(62355,825994889470,256,384,352)
(62356,1651822859511,256,864,572)
(62357,4950257079543,256,2176,464)
(62358,5499996116215,256,768,460)
(62359,2341305877751,256,672,432)
(62360,843967935703,256,1152,576)
(62361,4679373468887,256,1272,644)
(62362,1393723487447,256,1056,480)
(62363,5500785964247,256,1440,608)
(62364,1668601263319,256,864,612)
(62365,4679374251255,256,1008,564)
(62366,1393724269815,256,864,520)
(62367,5500786746615,256,768,456)
(62368,2477129417823,256,576,540)
(62369,1668602172663,256,576,532)
(62370,4467614361839,256,1248,540)
(62371,4467613362351,256,672,432)
