(59000,346184297127,384,1280,784)
(59001,4469286939303,256,512,496)
(59002,1202871151271,256,576,480)
(59003,1271859029671,256,384,520)
(59004,689917711631,256,864,656)
(59005,689918101263,256,576,700)
(59006,690018113295,256,864,714)
(59007,690085205607,256,960,782)
(59008,690083141223,256,576,774)
(59009,1170852751975,256,384,532)
(59010,4469328767655,256,864,520)
(59011,4469229136551,256,1360,632)
(59012,620928518455,256,576,572)
(59013,2354223295079,256,576,632)
(59014,690083629927,256,576,500)
(59015,4469353921191,256,1392,576)
(59016,4501463706535,256,864,636)
(59017,2354200495919,256,2808,768)
(59018,8867279222983,256,1152,800)
(59019,8869402454247,256,384,448)
(59020,8869527238887,256,576,504)
(59021,830108110107,256,1744,652)
(59022,831181851919,256,2568,740)
(59023,1658415910671,256,384,432)
(59024,2751224825031,256,1296,708)
(59025,1683914963143,256,864,648)
(59026,2753372300487,256,576,464)
(59027,3300980630727,256,864,744)
(59028,1658281333991,256,832,464)
(59029,2753497994471,256,576,448)
(59030,3301106324711,256,768,572)
(59031,3301240901391,256,864,686)
(59032,2753632571151,256,864,688)
(59033,1684186371303,256,576,600)
(59034,2753497867495,256,384,432)
(59035,3301106197735,256,576,680)
(59036,1667137352935,256,864,612)
(59037,2753431012583,256,1184,560)
(59038,3301039342823,256,864,712)
(59039,346131212487,384,1584,656)
(59040,690055591111,256,1876,862)
(59041,8867254069447,256,3568,788)
(59042,690063848647,256,1680,826)
(59043,8867380017383,256,2160,712)
(59044,8867329550567,256,1152,736)
(59045,8951299355879,256,3248,768)
(59046,831122957327,256,3312,788)
(59047,831156504079,256,2376,704)
(59048,830049215515,256,3160,916)
(59049,830107919643,256,2120,736)
(59050,1685787891215,256,1944,656)
(59051,457556923865,448,2616,984)
(59052,466079749593,384,1152,728)
(59053,472471868889,448,2544,960)
(59054,831181669423,384,1152,636)
(59055,831181407503,384,2192,792)
(59056,831181661455,256,3714,908)
(59057,830082762267,256,5308,1004)
(59058,831281809167,256,864,620)
(59059,859552134343,256,1472,624)
(59060,1652090392335,256,1248,620)
(59061,1652090785071,256,5392,784)
(59062,1377095568911,256,1488,752)
(59063,829487238671,256,4272,808)
(59064,1651965087247,256,1648,552)
(59065,827471770823,256,2784,760)
(59066,2476372075719,256,1632,768)
(59067,2750176240839,256,864,512)
(59068,2751249978567,256,1632,732)
(59069,1377095699727,256,960,612)
(59070,829487369487,256,4400,776)
(59071,1377096470287,256,576,620)
(59072,829488140047,256,3520,760)
(59073,1651965218063,256,2472,664)
(59074,1651965988623,256,1392,552)
(59075,5500263649039,256,1296,718)
(59076,4952655318799,256,2928,748)
(59077,5500264041775,256,960,528)
(59078,4952655711535,256,4520,748)
(59079,2751300306151,256,2520,660)
(59080,2783713862887,256,256,320)
(59081,2783428691175,256,1296,678)
(59082,6599781697767,256,864,656)
(59083,3333452899559,256,576,576)
(59084,3333184496871,256,864,726)
(59085,6601929173223,256,576,552)
(59086,417732551707,256,1680,858)
(59087,417791255835,256,1680,752)
(59088,456483186137,384,1728,808)
(59089,417254384939,256,2736,900)
(59090,417920755099,256,1296,692)
(59091,831214702351,256,864,464)
(59092,827435945159,256,3044,824)
(59093,9348634283239,256,1296,708)
(59094,1684248366311,256,1152,728)
(59095,9355026402535,256,384,400)
(59096,9898373319911,256,864,736)
(59097,4679387959055,256,1248,620)
(59098,846129647375,256,2736,792)
(59099,4953192124175,256,2576,648)
(59100,843998940943,256,2496,736)
(59101,4954257477391,256,864,536)
(59102,2785324469479,256,960,638)
(59103,3317889830119,256,576,440)
(59104,5508325215463,256,864,686)
(59105,440280585561,384,768,740)
(59106,466016851289,256,1296,668)
(59107,427496346969,352,2160,1046)
(59108,457427424601,448,1632,960)
(59109,1272940957482,256,864,724)
(59110,1247304322858,384,864,750)
(59111,1263817297706,352,1728,930)
(59112,1280447975210,384,1296,762)
(59113,1255827213994,256,256,592)
(59114,1280984845994,256,256,592)
(59115,1247195532842,384,4424,878)
(59116,1272931798570,256,1152,832)
(59117,1242934119978,256,2456,844)
(59118,1289046236586,256,864,656)
(59119,346073409735,256,976,632)
(59120,346173040839,384,1584,656)
(59121,346223356615,352,2040,768)
(59122,346231614151,384,1696,624)
(59123,689939064007,256,1056,782)
(59124,690038695111,256,1088,676)
(59125,690089010887,256,768,660)
(59126,8867254840007,256,1712,772)
(59127,8867304385223,256,3944,868)
(59128,8951274190535,256,3904,858)
(59129,621109516999,256,1152,732)
(59130,8867379624647,256,2928,844)
(59131,346198976743,448,1440,720)
(59132,346232006887,384,1248,624)
(59133,346248521959,352,1584,768)
(59134,346232523495,256,960,544)
(59135,690056373479,256,1536,778)
(59136,690089403623,256,1664,762)
(59137,8867255232743,256,1904,628)
(59138,8867271747815,256,1600,624)
(59139,8867371378919,256,3988,820)
(59140,4501419682023,256,2976,738)
(59141,621102041831,256,768,520)
(59142,8867372149479,256,2496,804)
(59143,4501469997799,256,3698,882)
(59144,8951332775655,256,1392,710)
(59145,690064757991,256,1120,734)
(59146,690097788135,256,1744,726)
(59147,690114176231,256,1616,810)
(59148,8867280005351,256,768,736)
(59149,8867379636455,256,3280,796)
(59150,8867313552103,256,1952,772)
(59151,8867429952231,256,2432,860)
(59152,2371509987047,256,1632,878)
(59153,438682555737,384,2988,946)
(59154,464418821465,256,1440,796)
(59155,425898317145,352,1936,928)
(59156,455829394777,448,1600,990)
(59157,453190784345,464,1984,1146)
(59158,423767610713,384,2288,842)
(59159,449503876441,256,1296,740)
(59160,449437275481,384,768,782)
(59161,459582903641,352,960,990)
(59162,1248906546858,256,256,652)
(59163,1248785435946,256,512,916)
(59164,1244607393066,256,928,572)
(59165,3335329847943,256,384,644)
(59166,439219424601,384,2632,930)
(59167,424304479577,384,2492,890)
(59168,450040745305,384,2760,776)
(59169,432827305305,384,1088,768)
(59170,456366263641,384,1136,822)
(59171,453261768025,448,3714,1074)
(59172,466046006617,384,2740,910)
(59173,468176713049,448,3364,1038)
(59174,466146604505,384,2064,848)
(59175,1255818956458,256,512,684)
(59176,830108124191,384,2976,804)
(59177,1280993103530,256,384,748)
(59178,1247203790378,384,1408,714)
(59179,1272940437034,256,768,956)
(59180,1242942377514,256,864,836)
(59181,3316547627783,256,384,826)
(59182,1250932526634,256,3860,1022)
(59183,3302048959239,256,864,996)
(59184,1248806145194,256,384,664)
(59185,1244544732330,256,384,588)
(59186,1244481834026,256,768,860)
(59187,3301515762183,256,864,740)
(59188,1409861608479,256,1968,820)
(59189,1255793794218,256,2112,680)
(59190,427559257437,464,2312,928)
(59191,457556936029,480,1956,832)
(59192,440343496029,384,576,604)
(59193,466079761757,448,960,684)
(59194,457457304925,384,864,652)
(59195,453195892061,448,1456,816)
(59196,466146616669,384,1488,692)
(59197,453320676701,464,1880,888)
(59198,459712795997,352,960,732)
(59199,440443897693,352,1464,856)
(59200,466080532317,448,1824,788)
(59201,472597436253,384,1360,708)
(59202,831282267423,352,3096,948)
(59203,833647613639,256,576,464)
(59204,859552650951,256,1472,624)
(59205,842503632583,256,1632,672)
(59206,842170419431,256,768,480)
(59207,833647625447,256,256,320)
(59208,842237274343,256,1192,552)
(59209,833697941223,256,960,536)
(59210,1667005732127,256,2328,612)
(59211,827138577607,256,2836,820)
(59212,2476472604359,256,384,416)
(59213,2750276769479,256,640,520)
(59214,344959822727,256,576,464)
(59215,827404915911,256,2160,704)
(59216,827406980295,256,2168,804)
(59217,827472287431,256,2592,884)
(59218,2476472477383,256,1152,728)
(59219,2476405622471,256,2688,856)
(59220,2750276642503,256,384,480)
(59221,2750209787591,256,3440,704)
(59222,2751350380231,256,1152,700)
(59223,2766523279047,256,384,416)
(59224,2783428679367,256,1788,798)
(59225,6599781685959,256,1152,788)
(59226,415559693895,256,512,624)
(59227,2337286861639,256,1632,672)
(59228,208595728263,256,1280,608)
(59229,413978179143,256,384,416)
(59230,2751225595591,256,1728,804)
(59231,2783697082055,256,1152,640)
(59232,2766256940743,256,576,560)
(59233,6599781717703,256,1152,772)
(59234,827205960935,256,1536,592)
(59235,827205929191,256,2016,656)
(59236,2476472870119,256,1632,656)
(59237,1377096484127,256,256,320)
(59238,2476472616167,256,1248,572)
(59239,2476372985063,256,2784,832)
(59240,827086948639,256,1248,520)
(59241,827254180583,256,640,480)
(59242,2476473386727,256,2640,808)
(59243,2750277035239,256,832,480)
(59244,2750276781287,256,928,520)
(59245,2750177150183,256,1968,704)
(59246,2750277551847,256,1888,736)
(59247,2751350772967,256,1856,628)
(59248,1650630150431,256,832,464)
(59249,2766548444391,256,256,416)
(59250,2783429072103,256,3394,738)
(59251,6599806851303,256,3184,764)
(59252,6631708764903,256,1152,512)
(59253,6631985552103,256,3562,820)
(59254,2783697474791,256,1856,592)
(59255,2766282106087,256,384,560)
(59256,6599806883047,256,3184,748)
(59257,2766648973031,256,2060,644)
(59258,2766315652839,256,1872,780)
(59259,6599907284711,256,4032,836)
(59260,2751350392039,256,864,652)
(59261,2751250760935,256,3760,780)
(59262,5500264043807,256,384,320)
(59263,4950525007135,256,2048,576)
(59264,2751400707815,256,2224,748)
(59265,2783814264551,256,768,480)
(59266,2783429461735,256,4508,866)
(59267,6599832013543,256,3992,836)
(59268,6631717149415,256,2080,608)
(59269,6631985583847,256,3978,836)
(59270,6631977167591,256,1152,750)
(59271,1276153011754,256,2544,914)
(59272,1276698270890,256,576,684)
(59273,1242908957738,256,1744,896)
(59274,3303662793223,256,576,872)
(59275,1662228073849,256,3792,816)
(59276,2761706147193,256,2376,652)
(59277,3311445183865,256,576,612)
(59278,859581099207,256,3024,800)
(59279,4538731966279,256,768,496)
(59280,2338897730319,256,384,352)
(59281,9073706052807,256,3264,856)
(59282,9347510217927,256,576,520)
(59283,9348575571143,256,3896,828)
(59284,1684189654215,256,2136,818)
(59285,9350706277575,256,992,448)
(59286,9898314607815,256,1968,820)
(59287,1684190563559,256,1296,698)
(59288,9355001629927,256,384,352)
(59289,9898315517159,256,1152,700)
(59290,1684306963687,256,1836,850)
(59291,9350823587047,256,1424,560)
(59292,9898431917287,256,1920,820)
(59293,1684315221223,256,1632,834)
(59294,9350831844583,256,864,432)
(59295,9898440174823,256,1728,788)
(59296,9349141794503,256,2512,704)
(59297,4683691495111,256,1632,806)
(59298,2493256109767,256,1152,560)
(59299,6600320650951,256,1968,752)
(59300,4675634048839,256,4080,680)
(59301,208868355911,256,1408,592)
(59302,9356597202631,256,1992,758)
(59303,415689191239,256,2976,640)
(59304,4679455247591,256,1680,746)
(59305,1393805266151,256,2064,560)
(59306,5500867742951,256,1152,620)
(59307,9081847058151,256,2004,866)
(59308,2510547095271,256,3258,780)
(59309,10998476213991,256,1320,668)
(59310,2270983559823,256,768,560)
(59311,2785299696871,256,1440,698)
(59312,208725564175,256,1472,520)
(59313,9356722769639,256,1296,818)
(59314,439206847833,384,1152,828)
(59315,434945434969,384,1728,846)
(59316,464943113561,384,864,772)
(59317,451651351897,448,1832,1062)
(59318,464435590489,384,1152,898)
(59319,468164326745,448,1728,1008)
(59320,464535992153,384,3176,856)
(59321,1255827344810,256,384,644)
(59322,693742781487,384,1872,808)
(59323,1280993234346,256,384,740)
(59324,1247203921194,384,1760,870)
(59325,1272940186922,256,768,956)
(59326,1242942508330,256,576,692)
(59327,3316543435527,256,576,734)
(59328,1250932657450,256,928,826)
(59329,3302053153415,256,864,898)
(59330,456483180377,384,1200,854)
(59331,1289046105770,256,576,724)
(59332,1276153015594,256,3168,854)
(59333,1685813120047,256,3000,880)
(59334,1255793667242,256,960,604)
(59335,1255785409706,256,3472,696)
(59336,1276689886378,256,1408,564)
(59337,1242900573226,256,4240,844)
(59338,3303662856711,256,576,850)
(59339,435075196509,448,1964,840)
(59340,456483448413,384,1440,632)
(59341,472488650077,384,864,676)
(59342,468227237213,448,1440,840)
(59343,472522196829,384,864,676)
(59344,693872280751,384,2304,784)
(59345,859556326599,256,2664,782)
(59346,859673243335,256,3886,886)
(59347,859681500871,256,3896,870)
(59348,4675629856583,256,1296,670)
(59349,859582008551,256,1728,656)
(59350,859681893607,256,1744,672)
(59351,859698408679,256,1840,688)
(59352,831215160607,256,3856,800)
(59353,2338898252687,256,576,400)
(59354,2476604693391,256,640,384)
(59355,827378142407,256,2320,812)
(59356,827494542535,256,3616,892)
(59357,9073681280199,256,1152,616)
(59358,9073798196935,256,1248,616)
(59359,9347485445319,256,1344,520)
(59360,9347602362055,256,2364,704)
(59361,827502800071,256,3504,860)
(59362,9073806454471,256,3000,752)
(59363,9347610619591,256,864,504)
(59364,9348675972807,256,1648,652)
(59365,4982724275911,256,4064,814)
(59366,9363590917831,256,1296,580)
(59367,13196849229511,256,3312,724)
(59368,827503709415,256,1728,656)
(59369,827553254631,256,1840,688)
(59370,9073706962151,256,2616,784)
(59371,9073806847207,256,2704,752)
(59372,9073823362279,256,3160,856)
(59373,9347511127271,256,384,520)
(59374,9347611012327,256,1408,504)
(59375,9347627527399,256,2624,704)
(59376,9348576480487,256,2920,756)
(59377,9348676365543,256,2880,724)
(59378,4982741183719,256,2400,576)
(59379,9363607825639,256,3470,834)
(59380,13196866137319,256,3824,828)
(59381,5532480220391,256,1440,710)
(59382,9913346862311,256,1320,772)
(59383,13198996843751,256,1152,520)
(59384,1254417971983,256,864,620)
(59385,1186503801487,256,576,464)
(59386,9348701138151,256,2944,796)
(59387,4982749441255,256,2592,760)
(59388,9363616083175,256,576,580)
(59389,13196874394855,256,3048,796)
(59390,827908754631,256,960,694)
(59391,828060765895,256,864,738)
(59392,9349083991751,256,2968,740)
(59393,415563886151,256,576,604)
(59394,4468127382407,256,2508,680)
(59395,9349208649415,256,4334,836)
(59396,4709444529863,256,2864,782)
(59397,9090311171783,256,640,384)
(59398,13197373648583,256,3192,810)
(59399,4469207186311,256,1552,528)
(59400,208864163655,256,1552,600)
(59401,4984320241351,256,3440,742)
(59402,346164411271,256,2980,648)
(59403,1667542600991,256,2264,644)
(59404,9349107092711,256,1408,572)
(59405,846130105631,256,1872,480)
(59406,1393738435871,256,1400,536)
(59407,843999399199,256,3808,752)
(59408,4951229107943,256,1296,620)
(59409,9090369883879,256,768,528)
(59410,4709503241959,256,2392,710)
(59411,13197432360679,256,1560,612)
(59412,2270984080271,256,1680,528)
(59413,1185704786575,256,1152,680)
(59414,2270452554639,256,1248,560)
(59415,1668607954207,256,3176,680)
(59416,208726530959,256,1328,504)
(59417,2269236112271,256,864,644)
(59418,223690830735,256,1024,480)
(59419,231947318159,256,576,536)
(59420,9365247659751,256,2112,670)
(59421,11014456512231,256,1152,528)
(59422,6633589870311,256,1728,710)
(59423,13204889833191,256,1824,792)
(59424,2751474211727,256,960,528)
(59425,828073152199,256,864,806)
(59426,9349212778183,256,3456,840)
(59427,9090323558087,256,1296,644)
(59428,4709456916167,256,1296,580)
(59429,13197386034887,256,3240,818)
(59430,4676170919623,256,1296,670)
(59431,209405226695,256,576,572)
(59432,9349271490279,256,1296,660)
(59433,9081859444455,256,1728,818)
(59434,2510559481575,256,864,580)
(59435,10998488600295,256,1296,692)
(59436,4984385146599,256,3132,786)
(59437,6633602256615,256,576,400)
(59438,11014468898535,256,1296,728)
(59439,2270309849999,256,1296,580)
(59440,6599504763791,256,576,400)
(59441,2750408858511,256,864,464)
(59442,1282184154926,384,2224,878)
(59443,1289047019310,448,2320,798)
(59444,1263410384686,384,1392,678)
(59445,1297099099950,352,2320,846)
(59446,1289163419438,256,1680,620)
(59447,1290657631662,256,384,456)
(59448,1265020997038,256,576,520)
(59449,1264920399150,352,1440,978)
(59450,1282067238190,256,960,748)
(59451,1277772795182,256,864,620)
(59452,1252136160558,256,1424,914)
(59453,3308620385047,256,576,760)
(59454,3334257019671,256,1296,912)
(59455,1290774031790,256,384,400)
(59456,1282083753262,256,2354,1042)
(59457,1277822340398,256,2068,934)
(59458,3324600683287,256,1152,924)
(59459,1263343535534,256,576,520)
(59460,1297099296174,256,576,536)
(59461,1263309983022,384,1296,798)
(59462,1289046248750,256,1680,836)
(59463,1259048570158,256,1120,782)
(59464,1289046502702,256,1600,970)
(59465,1259115425070,256,1120,770)
(59466,1284214459694,256,1600,958)
(59467,692798662031,256,1152,636)
(59468,692769113899,256,768,564)
(59469,692770080683,256,512,480)
(59470,1263460714302,256,864,580)
(59471,418994496911,256,1584,632)
(59472,829671196459,256,576,568)
(59473,1297216474942,256,576,500)
(59474,829672163243,256,384,400)
