(43000,1653948714263,256,5588,928)
(43001,9900252305063,256,5550,872)
(43002,2783458266791,256,3352,820)
(43003,9363347592871,256,256,384)
(43004,10999730378407,256,3352,794)
(43005,1651772265863,256,3688,902)
(43006,9348336883591,256,3360,800)
(43007,4982451660679,256,2964,818)
(43008,9363318302599,256,768,432)
(43009,13196576614279,256,2964,804)
(43010,691813409831,448,2880,944)
(43011,691813147911,448,3820,992)
(43012,691846956583,448,3204,920)
(43013,1239455286823,448,5742,1036)
(43014,1239455024903,448,3228,1012)
(43015,691846694663,448,2016,986)
(43016,1239455278855,384,1968,776)
(43017,691846948615,384,1152,744)
(43018,1650128114727,448,2144,824)
(43019,1650161534503,448,1760,696)
(43020,1650161272583,448,1408,720)
(43021,1650161526535,384,928,536)
(43022,691876302375,384,2096,828)
(43023,691876040455,384,2424,876)
(43024,1650190618375,384,576,536)
(43025,1653885752359,256,3252,904)
(43026,1653886006311,256,2432,800)
(43027,1653919616551,256,1744,624)
(43028,9350433855015,256,1296,664)
(43029,9898042185255,256,4982,906)
(43030,9898041986823,256,3406,896)
(43031,9350433656583,256,1440,688)
(43032,9900189406759,256,3634,860)
(43033,1651772133127,256,1312,584)
(43034,9898041923335,256,2512,792)
(43035,9350433593095,256,1152,592)
(43036,9900189470247,256,2656,796)
(43037,691876308135,384,2848,868)
(43038,691876054295,384,1896,712)
(43039,691876054183,384,1968,760)
(43040,691876308247,384,864,616)
(43041,691976455847,448,2256,932)
(43042,1239584786087,448,2356,820)
(43043,1377023674023,448,4630,982)
(43044,829415343783,448,1440,824)
(43045,1650190886055,384,640,744)
(43046,1650727691431,384,640,664)
(43047,1650291033767,448,640,696)
(43048,1650827839143,448,640,720)
(43049,1653919622311,384,3320,860)
(43050,9350434051239,256,2296,696)
(43051,9898042381479,256,5260,944)
(43052,1653919368359,256,3272,884)
(43053,1651772146967,256,1856,816)
(43054,9898042381591,256,2232,768)
(43055,9350434051351,256,576,480)
(43056,9900189476007,256,2704,828)
(43057,9350434440871,256,1248,616)
(43058,9898042771111,256,1600,798)
(43059,1654036666023,256,3760,804)
(43060,9898042771223,256,1296,722)
(43061,9350484240039,256,4128,908)
(43062,9350434440983,256,576,496)
(43063,9350483986199,256,2520,932)
(43064,9900190373543,256,4560,764)
(43065,5532207601319,256,5676,930)
(43066,9913074243239,256,2680,700)
(43067,13198724224679,256,5100,876)
(43068,9350483986087,256,1824,864)
(43069,9350484240151,256,1440,744)
(43070,3333184472743,256,1152,664)
(43071,9904484435623,256,576,632)
(43072,10999701096103,256,864,850)
(43073,9348336764695,256,1936,856)
(43074,4982452049687,256,2280,738)
(43075,9363318691607,256,576,416)
(43076,13196577003287,256,2592,782)
(43077,9350462952615,256,3320,680)
(43078,1653948714151,256,3000,824)
(43079,9350463016103,256,960,520)
(43080,1654049052327,256,3640,756)
(43081,9350496816807,256,1056,664)
(43082,9898105147047,256,5794,890)
(43083,9898105083559,256,3088,786)
(43084,9350496753319,256,576,568)
(43085,9900252368551,256,3656,808)
(43086,2783458203303,256,2120,698)
(43087,9363347656359,256,256,352)
(43088,10999730378519,256,2392,718)
(43089,691876316215,384,1424,616)
(43090,691876046215,384,3548,832)
(43091,1377023666055,384,1680,632)
(43092,829415335815,384,1872,786)
(43093,1650190624135,384,1120,664)
(43094,1650827831175,384,576,536)
(43095,1653919630391,256,2936,812)
(43096,1651771884935,256,2968,948)
(43097,9898041992583,256,3548,876)
(43098,9350433662343,256,1568,672)
(43099,9900189865015,256,2432,792)
(43100,1654036928055,256,2832,720)
(43101,9898042890119,256,3240,732)
(43102,9350484248119,256,3192,852)
(43103,9350434559879,256,1248,604)
(43104,9350483978119,256,2688,864)
(43105,9900190254647,256,1392,676)
(43106,5532207863351,256,2040,592)
(43107,9913074505271,256,1776,608)
(43108,13198724486711,256,2720,772)
(43109,9348336502663,256,4512,904)
(43110,2783428659079,256,4150,882)
(43111,9354728621959,256,1248,536)
(43112,10997553612679,256,4208,908)
(43113,1651801230727,256,4244,836)
(43114,9350463214647,256,1296,616)
(43115,9350462944647,256,4088,640)
(43116,1651901568903,256,2976,716)
(43117,9898104885127,256,3760,816)
(43118,9350496554887,256,2064,628)
(43119,9900252630583,256,4200,796)
(43120,2783458004871,256,3332,764)
(43121,9363347648391,256,384,352)
(43122,10997582894983,256,2832,724)
(43123,1239455417639,448,4500,1068)
(43124,691847087399,448,2816,984)
(43125,691964004135,448,3608,976)
(43126,1650161665319,448,2192,888)
(43127,1650278582055,448,1056,688)
(43128,691876433191,352,2436,972)
(43129,1650191011111,352,1344,744)
(43130,1653919747367,256,2096,772)
(43131,9350484365095,256,960,640)
(43132,5532207408935,256,5166,802)
(43133,9913074050855,256,1320,568)
(43134,13198724032295,256,3936,704)
(43135,691875988775,384,1952,784)
(43136,691876242727,384,2160,844)
(43137,1377023739543,448,5332,924)
(43138,829415409303,448,4328,888)
(43139,1650727756951,384,960,664)
(43140,1650827904663,448,768,600)
(43141,1653919556903,384,2584,828)
(43142,1653919302951,256,3656,960)
(43143,1651772081447,256,3856,1008)
(43144,9898042189095,256,4558,968)
(43145,9350433858855,256,960,680)
(43146,9900189410599,256,3236,940)
(43147,1651888998183,256,576,580)
(43148,9898042705703,256,3850,786)
(43149,9350434375463,256,768,568)
(43150,9900190181159,256,3564,778)
(43151,5532207599399,256,4410,870)
(43152,9913074241319,256,2252,692)
(43153,13198724222759,256,4208,828)
(43154,9350483920679,256,5012,908)
(43155,9350484174631,256,1920,844)
(43156,3333184407335,256,2452,652)
(43157,9904484370215,256,1488,676)
(43158,10999701030695,256,2664,870)
(43159,9348336699175,256,5936,928)
(43160,2783428855591,256,2448,862)
(43161,9354728818471,256,576,512)
(43162,10997553809191,256,3144,918)
(43163,1653948648743,256,3408,888)
(43164,9350463018135,256,2584,648)
(43165,1654049117847,256,1896,636)
(43166,9898105149079,256,4250,822)
(43167,9350496818839,256,960,600)
(43168,9900252370583,256,4284,816)
(43169,2783458268823,256,1152,740)
(43170,9363347658391,256,384,320)
(43171,10999730376487,256,1152,726)
(43172,1263287699054,256,576,596)
(43173,1651889456439,352,4856,934)
(43174,9900190377383,256,2292,688)
(43175,5532207605159,256,5416,970)
(43176,9913074247079,256,2352,736)
(43177,13198724228519,256,4224,864)
(43178,1264898311406,256,256,440)
