(105000,1273471212651,256,2736,618)
(105001,730158368235,256,3016,666)
(105002,1258444500331,256,1312,584)
(105003,1685787882575,256,2112,574)
(105004,1393753658619,256,2896,604)
(105005,842992749691,256,864,468)
(105006,2752105776239,256,864,548)
(105007,1684177863803,256,576,460)
(105008,1273471997051,256,1680,558)
(105009,738748056955,256,1216,516)
(105010,1667557823739,256,2160,560)
(105011,846145328379,256,1728,472)
(105012,1670753883387,256,1952,584)
(105013,1395884365051,256,2368,616)
(105014,621768644815,256,576,368)
(105015,621734964367,256,1296,440)
(105016,421999742799,256,864,440)
(105017,621735873711,256,384,320)
(105018,621709937807,256,1152,456)
(105019,825997708431,256,2488,568)
(105020,628160764111,256,384,352)
(105021,636766956943,256,384,368)
(105022,623982718351,256,384,352)
(105023,629226117327,256,640,424)
(105024,639963016591,256,384,424)
(105025,2750143043791,256,576,520)
(105026,362962791823,256,256,256)
(105027,1650748337551,256,576,532)
(105028,365093498255,256,576,512)
(105029,623865670799,256,1152,480)
(105030,636766826127,256,256,320)
(105031,628277553871,256,576,540)
(105032,624931024015,256,1568,488)
(105033,644257852111,256,384,488)
(105034,1650631289999,256,2224,568)
(105035,362962661007,256,864,448)
(105036,1650748206735,256,384,400)
(105037,369388333775,256,1888,544)
(105038,637840567695,256,576,368)
(105039,625056329103,256,576,500)
(105040,639971274127,256,576,440)
(105041,421462937423,256,384,320)
(105042,628161546479,256,2016,540)
(105043,636766964911,256,384,320)
(105044,628277692655,256,1296,484)
(105045,2751209179375,256,1760,488)
(105046,644257990895,256,960,424)
(105047,1650632199343,256,2592,568)
(105048,362962799791,256,256,256)
(105049,1650748345519,256,864,532)
(105050,369388472559,256,864,512)
(105051,1179107233199,256,1872,590)
(105052,2766265421231,256,832,352)
(105053,1187630058927,256,512,320)
(105054,1666787347887,256,832,352)
(105055,2287108132271,256,256,256)
(105056,1658264522159,256,1248,472)
(105057,644283141551,256,864,368)
(105058,631498902959,256,1944,484)
(105059,640021728687,256,928,400)
(105060,637840575663,256,512,320)
(105061,2751333583087,256,864,500)
(105062,644266248431,256,864,500)
(105063,1179107102383,256,864,630)
(105064,1666787223791,256,1216,416)
(105065,1187629928111,256,576,480)
(105066,1666787217071,256,384,320)
(105067,1187629934831,256,576,400)
(105068,2274323762863,256,576,400)
(105069,644283010735,256,576,440)
(105070,3301089382063,256,576,540)
(105071,640021597871,256,384,464)
(105072,1186017349047,256,1600,480)
(105073,1245945564599,256,384,320)
(105074,1186017158583,256,768,400)
(105075,345227217135,256,256,320)
(105076,827862076559,256,768,524)
(105077,2752007411919,256,576,536)
(105078,1393723485583,256,256,256)
(105079,1667527650703,256,576,548)
(105080,846115155343,256,576,556)
(105081,1652495658127,256,3144,632)
(105082,1393723354767,256,864,588)
(105083,1667527519887,256,256,320)
(105084,850409990863,256,864,620)
(105085,1668601261455,256,864,548)
(105086,1652496567471,256,576,488)
(105087,1393723493551,256,384,352)
(105088,1667527658671,256,864,500)
(105089,850410129647,256,576,424)
(105090,1675043835311,256,1248,500)
(105091,3317868826031,256,576,352)
(105092,2770260495791,256,1392,544)
(105093,1668601269423,256,864,500)
(105094,1675043704495,256,576,440)
(105095,3317868695215,256,576,540)
(105096,1675043711215,256,864,608)
(105097,227702580663,256,864,440)
(105098,1169238035895,256,1152,540)
(105099,227702771127,256,1264,464)
(105100,430138631787,256,3804,708)
(105101,1255240052331,256,1248,472)
(105102,4674582259291,256,1728,666)
(105103,1392142134891,256,2608,440)
(105104,433827556971,256,4284,604)
(105105,1395870871147,256,1536,608)
(105106,1652057085007,256,1296,730)
(105107,1272397476955,256,576,484)
(105108,1272397474923,256,576,500)
(105109,463870142299,256,1440,646)
(105110,1258436111979,256,4892,640)
(105111,1256314705275,256,3100,604)
(105112,4674769954399,256,1440,556)
(105113,1667020952955,256,576,440)
(105114,708706375035,256,1992,520)
(105115,1670749689211,256,2976,632)
(105116,1258445411707,256,1536,640)
(105117,621835594959,256,1680,528)
(105118,621836504303,256,640,384)
(105119,621710937295,256,1400,536)
(105120,346841418959,256,2500,648)
(105121,636750539983,256,576,400)
(105122,628277776079,256,1152,560)
(105123,636800601807,256,384,352)
(105124,637815893199,256,1328,504)
(105125,644258074319,256,864,520)
(105126,362946374863,256,2856,600)
(105127,2750260055759,256,1488,592)
(105128,362996436687,256,576,352)
(105129,369388555983,256,1632,608)
(105130,636751449327,256,2688,580)
(105131,628278168815,256,2544,560)
(105132,636800994543,256,960,448)
(105133,637816802543,256,1960,504)
(105134,644258467055,256,1976,520)
(105135,362947284207,256,3256,600)
(105136,2750260448495,256,2656,592)
(105137,362996829423,256,384,352)
(105138,369388948719,256,3444,608)
(105139,629351779567,256,2480,528)
(105140,637874605295,256,1088,432)
(105141,644266724591,256,3280,580)
(105142,1666787445999,256,576,440)
(105143,1179107331311,256,1248,472)
(105144,1187630157039,256,256,256)
(105145,3301089610991,256,576,440)
(105146,644283239663,256,576,400)
(105147,627740610407,256,384,320)
(105148,627472175015,256,576,352)
(105149,827863076047,256,576,612)
(105150,843968031951,256,864,624)
(105151,1667527748815,256,576,472)
(105152,1393723583695,256,576,440)
(105153,850410213071,256,2160,604)
(105154,843968941295,256,864,504)
(105155,2767039761647,256,1944,604)
(105156,2493235596527,256,576,440)
(105157,850410605807,256,1296,520)
(105158,2768113372399,256,2088,588)
(105159,3317868924143,256,384,320)
(105160,1675043933423,256,960,544)
(105161,1169237839671,256,864,440)
(105162,219179749175,256,640,400)
(105163,2476343397071,256,1440,484)
(105164,354361117391,256,2072,532)
(105165,2476468181711,256,576,352)
(105166,4675424328399,256,576,500)
(105167,6599510956751,256,576,484)
(105168,421999808207,256,864,440)
(105169,354485902031,256,864,532)
(105170,1393735879855,256,1920,484)
(105171,1393736879343,256,2136,500)
(105172,3300976594095,256,384,352)
(105173,1186568703663,256,864,630)
(105174,2273262538415,256,1296,504)
(105175,2286046777007,256,576,400)
(105176,6602457452207,256,1152,480)
(105177,3316807470767,256,576,540)
(105178,1384189857007,256,2160,600)
(105179,2492174241119,256,1600,480)
(105180,354486389999,256,2144,532)
(105181,6598462377647,256,576,400)
(105182,3300028157615,256,576,564)
(105183,1666991656303,256,960,480)
(105184,4952641637743,256,864,540)
(105185,1179119619503,256,1152,590)
(105186,2274336279983,256,1392,472)
(105187,6635731062191,256,864,506)
(105188,6635743448495,256,1392,500)
(105189,6599536119215,256,1248,440)
(105190,3301101899183,256,2880,484)
(105191,421494297951,256,768,440)
(105192,3300166767967,256,384,320)
(105193,413147646191,256,256,256)
(105194,2285501524207,256,768,480)
(105195,4475934845167,256,576,400)
(105196,2285501517487,256,640,384)
(105197,3316262440175,256,576,400)
(105198,3316262211247,256,576,432)
(105199,413141389551,256,384,400)
(105200,6597917118127,256,960,480)
(105201,6597917124847,256,864,540)
(105202,431749252219,256,864,500)
(105203,846115057483,256,2592,588)
(105204,708680298315,256,2192,576)
(105205,433810779979,256,1152,564)
(105206,431749633147,256,2112,702)
(105207,423159825531,256,2376,710)
(105208,4538941609567,256,3032,730)
(105209,846115968859,256,2752,628)
(105210,708681209691,256,1088,512)
(105211,433811691355,256,2244,644)
(105212,1709533336991,256,384,440)
(105213,842455499899,256,576,440)
(105214,418779440587,256,1728,604)
(105215,705553417339,256,256,320)
(105216,829485688267,256,1664,520)
(105217,1702017158319,256,384,500)
(105218,1701950112943,256,960,800)
(105219,831083718091,256,2632,672)
(105220,1693427287215,256,576,816)
(105221,1672019479727,256,576,708)
(105222,692575217355,256,2032,660)
(105223,829477299915,256,1192,552)
(105224,1393723387723,256,1584,512)
(105225,830009976523,256,2112,688)
(105226,1256288628555,256,2644,644)
(105227,418771052235,256,1408,504)
(105228,1667527552843,256,384,368)
(105229,1666994876235,256,1280,368)
(105230,417705699019,256,1776,640)
(105231,1255223275339,256,576,464)
(105232,1392125357899,256,576,368)
(105233,431749637231,256,1248,588)
(105234,2476691063931,256,1424,596)
(105235,1393724299099,256,1456,480)
(105236,1256289539931,256,1760,588)
(105237,842455880827,256,2704,564)
(105238,2339788981371,256,864,524)
(105239,4675843692127,256,1636,580)
(105240,1667528464219,256,1696,480)
(105241,1666995787611,256,384,368)
(105242,1705113586863,256,1296,776)
(105243,1255224186715,256,2128,576)
(105244,1392126269275,256,384,368)
(105245,1686984840335,256,864,800)
(105246,1689132315791,256,864,728)
(105247,1686860055695,256,384,638)
(105248,1689007531151,256,384,590)
(105249,689041343727,256,384,400)
(105250,413935617135,256,256,320)
(105251,1238602392679,256,384,400)
(105252,620108596319,256,384,320)
(105253,1238664324199,256,960,556)
(105254,1238702023783,256,576,588)
(105255,1238702794343,256,384,580)
(105256,346304431199,256,384,320)
(105257,4674541937775,256,1280,480)
(105258,627741169247,256,2448,560)
(105259,1238636208239,256,576,588)
(105260,1238703285359,256,864,580)
(105261,346420831327,256,1312,480)
(105262,1238702809199,256,576,596)
(105263,620224996447,256,832,480)
(105264,346421728863,256,1120,512)
(105265,4674542904559,256,1248,512)
(105266,621298734175,256,1088,432)
(105267,627741173087,256,864,440)
(105268,4471669528159,256,2160,600)
(105269,1177496720991,256,1600,480)
(105270,345347991135,256,1264,464)
(105271,352863266399,256,2424,560)
(105272,1701480289455,256,384,580)
(105273,706627159151,256,864,500)
(105274,1701355504815,256,576,784)
(105275,690452899275,256,2712,672)
(105276,1675718870191,256,576,768)
(105277,1662892803247,256,576,596)
(105278,431680073547,256,1440,604)
(105279,415574992587,256,2256,656)
(105280,705484238667,256,576,448)
(105281,842386321227,256,576,448)
(105282,431680984923,256,2160,612)
(105283,1709407585455,256,864,828)
(105284,1679476952239,256,864,744)
(105285,705485150043,256,1248,480)
(105286,842387232603,256,576,448)
(105287,1689132323871,256,864,752)
(105288,1689007539231,256,384,662)
(105289,842357433439,256,2296,588)
(105290,842358330975,256,3148,628)
(105291,826480297183,256,384,400)
(105292,884899614423,256,384,440)
(105293,884769670743,256,576,718)
(105294,827326088287,256,576,400)
(105295,4674542519903,256,864,368)
(105296,2766502762079,256,2464,604)
(105297,4956936083039,256,1536,560)
(105298,6599761073759,256,1088,472)
(105299,854839037527,256,576,742)
(105300,839869629655,256,576,662)
(105301,839707100247,256,864,702)
(105302,4949419910239,256,1088,512)
(105303,4675615745119,256,384,368)
(105304,4675616642655,256,960,480)
(105305,4674542650607,256,1152,480)
(105306,4950493647967,256,1216,488)
(105307,2766502765919,256,576,352)
(105308,4956936086879,256,1280,500)
(105309,6599761077599,256,640,424)
(105310,3316258313823,256,960,540)
(105311,5506691634783,256,1152,540)
(105312,4674542904927,256,1328,504)
(105313,2491624859231,256,2932,604)
(105314,4682058180191,256,768,440)
(105315,6598687336031,256,1344,520)
(105316,207512946847,256,256,320)
(105317,619292724903,256,384,480)
(105318,692034243943,256,1664,560)
(105319,4467583356599,256,1152,480)
(105320,4467582586039,256,1248,512)
(105321,1237894614319,256,1440,528)
(105322,1237895384879,256,1152,440)
(105323,1169106772407,256,1536,560)
(105324,1702017160351,256,576,540)
(105325,844066112607,256,1216,520)
(105326,1701892375711,256,576,610)
(105327,1676255741087,256,864,698)
(105328,1663429674143,256,864,650)
(105329,1380852114639,256,2064,564)
(105330,831113077967,256,2288,596)
(105331,1655721632975,256,384,524)
(105332,708688700751,256,1920,500)
(105333,1380843726043,256,2188,644)
(105334,830039336155,256,2492,660)
(105335,1667003278671,256,512,320)
(105336,708705477743,256,1440,524)
(105337,1668605502671,256,1248,512)
(105338,1379778372827,256,576,588)
(105339,706557994319,256,1312,536)
(105340,1670761360719,256,1440,500)
(105341,1668630654287,256,2072,548)
(105342,1700819821663,256,864,440)
(105343,3335056033119,256,864,514)
(105344,1700820723039,256,960,580)
(105345,2770272980815,256,1920,500)
(105346,2770289757807,256,2296,544)
(105347,1675073097327,256,576,352)
(105348,2768142274383,256,2144,548)
(105349,1393753658975,256,2768,588)
(105350,1701887399055,256,864,772)
(105351,844066493535,256,2304,682)
(105352,2752105841759,256,2920,702)
(105353,1693297591439,256,576,788)
(105354,1701891591311,256,640,542)
(105355,1693301720207,256,384,654)
(105356,1684715119711,256,384,352)
(105357,1273471747183,256,864,514)
(105358,2495395079887,256,1296,500)
(105359,3316807575247,256,384,320)
(105360,725863670895,256,1440,542)
(105361,1400178419407,256,1440,524)
(105362,2770264598223,256,384,352)
(105363,3317872928463,256,1296,500)
(105364,1675047937743,256,864,424)
(105365,1669813292175,256,960,630)
(105366,1671960767631,256,2640,678)
(105367,1669746246799,256,768,804)
(105368,1671893722255,256,768,660)
(105369,1667557824095,256,640,384)
(105370,2770264597979,256,640,384)
(105371,3317872928219,256,2904,588)
(105372,846145328735,256,3368,604)
(105373,1675047937499,256,3460,604)
(105374,1670753883743,256,864,488)
(105375,2495395079643,256,1680,540)
(105376,3316807575003,256,1296,440)
(105377,1400178419163,256,1216,488)
(105378,1693297853471,256,576,812)
(105379,1701891853343,256,864,678)
(105380,2767068538575,256,256,256)
(105381,2493264373455,256,1856,548)
(105382,850439382735,256,2064,556)
(105383,1671960775711,256,1296,734)
(105384,1689003410463,256,576,764)
(105385,1395884365407,256,2724,632)
(105386,2493264373211,256,2624,588)
(105387,2767068538331,256,384,320)
(105388,850439382491,256,3220,620)
(105389,1685788857439,256,1440,514)
(105390,1692230394975,256,576,572)
(105391,3335055902303,256,576,514)
(105392,1700820719199,256,640,400)
(105393,3317898093807,256,2136,500)
(105394,2770289763567,256,576,352)
(105395,1675073103087,256,2416,544)
(105396,3320028800239,256,1440,500)
(105397,1288503092335,256,1440,572)
(105398,3333982291551,256,384,352)
(105399,1279914182255,256,960,580)
(105400,3316824352351,256,512,320)
(105401,2495411856991,256,2608,544)
(105402,1400195196511,256,2344,544)
(105403,3320020411999,256,1392,500)
(105404,827088618655,256,2064,440)
(105405,2338098300255,256,1152,440)
(105406,1376206751327,256,576,440)
(105407,1376156435551,256,576,468)
(105408,1376206234719,256,960,548)
(105409,1376173204575,256,1584,564)
(105410,876846554835,256,576,500)
(105411,827063846047,256,512,400)
(105412,4537103566447,256,1296,472)
(105413,876717577939,256,576,542)
(105414,876717055571,256,384,654)
(105415,1240313414775,256,384,368)
(105416,692767460471,256,384,376)
(105417,1651019662455,256,384,436)
(105418,1255211672815,256,384,320)
(105419,4545156091503,256,1632,540)
(105420,5499176232175,256,768,488)
(105421,2343046251951,256,576,484)
(105422,2753752499631,256,384,376)
(105423,700283192751,256,864,530)
(105424,826282381135,256,1248,400)
(105425,415043456847,256,832,352)
(105426,417723616879,256,384,416)
(105427,851080943315,256,864,630)
(105428,835037791955,256,864,638)
(105429,846785977939,256,576,710)
(105430,836049602003,256,864,574)
(105431,868127184467,256,384,638)
(105432,863832741459,256,384,622)
(105433,843497719379,256,384,650)
(105434,836049079635,256,384,466)
(105435,843564764755,256,576,718)
(105436,835982034259,256,576,558)
(105437,1376827655327,256,384,448)
(105438,4949182440607,256,1296,440)
(105439,1650748220575,256,1152,480)
(105440,1651697173663,256,384,472)
(105441,5498921477279,256,1568,488)
(105442,1650631820447,256,928,472)
(105443,4675378275487,256,384,320)
(105444,1376944055455,256,864,540)
(105445,5499986830495,256,576,488)
(105446,1255210896495,256,512,320)
(105447,4540860877935,256,1296,484)
(105448,1255211667055,256,864,440)
(105449,4540861648495,256,1280,480)
(105450,5499175455855,256,576,424)
(105451,5499176226415,256,864,488)
(105452,4952437204383,256,1944,550)
(105453,4956698617247,256,384,352)
(105454,2753481057695,256,576,400)
(105455,1658264397215,256,576,440)
(105456,2766265296287,256,256,256)
(105457,1666787222943,256,576,440)
(105458,6599523607967,256,384,368)
(105459,5500045534623,256,576,440)
(105460,3301089387935,256,576,500)
(105461,1376021435487,256,512,320)
(105462,417224496735,256,384,320)
(105463,1376071751263,256,768,440)
(105464,4950256178335,256,1920,440)
(105465,1651821958303,256,864,540)
(105466,5499995215007,256,576,464)
(105467,4677559428511,256,864,550)
(105468,2491387520415,256,576,352)
(105469,1391909447071,256,384,320)
(105470,6598449997215,256,384,320)
(105471,5498971923871,256,576,500)
(105472,1246750905695,256,576,400)
(105473,2491637372143,256,256,256)
(105474,2354735289583,256,1248,440)
(105475,3316795182319,256,384,320)
(105476,5507228503279,256,576,500)
(105477,619831692943,256,256,352)
(105478,696333666543,256,576,400)
(105479,2354189748463,256,384,352)
(105480,2354190002415,256,576,400)
(105481,623178190263,256,1152,500)
(105482,623444528567,256,384,320)
(105483,623376502199,256,384,320)
(105484,623110163895,256,576,400)
(105485,346026232159,256,384,320)
(105486,876846558919,256,576,580)
(105487,827862860959,256,384,440)
(105488,876779513543,256,864,678)
(105489,4676153066735,256,768,432)
(105490,868256687815,256,864,766)
(105491,836111533767,256,864,694)
(105492,846718936647,256,384,694)
(105493,844571461191,256,384,634)
(105494,844638506567,256,576,726)
(105495,831083693215,256,576,584)
(105496,4679373350047,256,768,384)
(105497,4953177515167,256,864,588)
(105498,846115038367,256,864,604)
(105499,4682594985199,256,768,440)
(105500,4682594731247,256,1440,528)
(105501,6603518682527,256,864,500)
(105502,2770260370847,256,384,352)
(105503,4960693691807,256,576,544)
(105504,4954251252895,256,864,588)
(105505,6602445071775,256,384,320)
(105506,2495382594975,256,576,544)
(105507,1667528461679,256,576,440)
(105508,4953178443119,256,384,400)
(105509,211539273823,256,1296,472)
(105510,2337294289135,256,512,320)
(105511,208885892271,256,576,540)
(105512,4948618693815,256,768,488)
(105513,4536333831791,256,384,320)
(105514,2337310090415,256,864,484)
(105515,2337310091375,256,576,440)
(105516,4536333799087,256,1280,480)
(105517,5498375016119,256,576,424)
(105518,5498374245559,256,864,488)
(105519,1650210147767,256,384,320)
(105520,619449454007,256,864,500)
(105521,1242331031131,256,2872,652)
(105522,417722476123,256,3108,636)
(105523,705467475403,256,576,440)
(105524,431663310283,256,1440,564)
(105525,1379765790299,256,768,612)
(105526,706532828619,256,3800,624)
(105527,1256314705519,256,2992,620)
(105528,1667020953199,256,384,320)
(105529,2495382497003,256,2424,560)
(105530,3316794992363,256,576,440)
(105531,708706375279,256,3240,612)
(105532,1400165836523,256,2928,620)
(105533,1670749689455,256,1152,504)
(105534,2357947737835,256,2932,604)
(105535,3316262315755,256,576,440)
(105536,1262731077355,256,1736,520)
(105537,1258445411951,256,1536,624)
(105538,2354751678187,256,576,472)
(105539,2491653760747,256,576,440)
(105540,438122522347,256,1440,604)
(105541,1670762272095,256,3536,620)
(105542,1668631565663,256,3308,588)
(105543,1288503088251,256,1944,652)
(105544,3333982094971,256,864,460)
(105545,1288503858811,256,3152,610)
(105546,3316824351995,256,864,440)
(105547,2495411856635,256,2816,540)
(105548,1400195196155,256,3388,608)
(105549,3320020411643,256,3324,588)
(105550,705455801711,256,1488,560)
(105551,4540861588847,256,576,352)
(105552,4949420361071,256,864,520)
(105553,1650749220063,256,1488,560)
(105554,4949183440095,256,768,448)
(105555,5498922476767,256,1248,520)
(105556,1376945054943,256,1152,560)
(105557,4675379274975,256,384,352)
(105558,5499987829983,256,864,520)
(105559,705456246127,256,1152,560)
(105560,4538714557807,256,1088,448)
(105561,4949420805487,256,576,520)
(105562,1651822957791,256,576,440)
(105563,4950257177823,256,640,400)
(105564,5499996214495,256,384,400)
(105565,2339157871847,256,832,448)
(105566,2354190224623,256,768,448)
(105567,842894820575,256,576,440)
(105568,1393724368095,256,1440,560)
(105569,1667528533215,256,576,440)
(105570,846116037855,256,1824,620)
(105571,2492161854703,256,1152,560)
(105572,1668602270943,256,576,500)
(105573,208617449703,256,576,560)
(105574,4536316055143,256,384,352)
(105575,1650084391143,256,384,520)
(105576,2337310613743,256,1152,560)
(105577,2337310084655,256,768,448)
(105578,5498375245047,256,576,520)
(105579,1254674802031,256,1632,540)
(105580,1659134641399,256,576,506)
(105581,3301959632119,256,384,368)
(105582,1667594568823,256,576,530)
(105583,826286575311,256,1088,416)
(105584,417727811167,256,384,400)
(105585,623928577183,256,1536,480)
(105586,624993930399,256,4552,540)
(105587,621797870751,256,3588,540)
(105588,1650694196383,256,2704,540)
(105589,417736199407,256,1184,416)
(105590,417736199519,256,832,352)
(105591,827062339935,256,768,400)
(105592,623857739983,256,384,400)
(105593,636742061215,256,1088,432)
(105594,1650623548631,256,384,432)
(105595,621172347231,256,256,256)
(105596,211603982559,256,576,540)
(105597,1709407650975,256,864,718)
(105598,1679476954271,256,864,710)
