(86000,619892031923,256,576,716)
(86001,2269109128099,384,1024,520)
(86002,2269125388595,256,864,668)
(86003,2269108611491,256,384,692)
(86004,1185692397199,256,1296,600)
(86005,2269190392123,256,1056,620)
(86006,2269256993083,256,384,644)
(86007,2269319891387,256,1552,676)
(86008,2285204416751,256,2080,600)
(86009,421312141691,256,2160,660)
(86010,345145413347,256,384,480)
(86011,344995466467,256,864,512)
(86012,345174772979,256,640,536)
(86013,345112841459,256,576,552)
(86014,619891247523,256,512,560)
(86015,619958324643,256,384,608)
(86016,2269159457715,256,960,480)
(86017,2269125910963,256,768,656)
(86018,627374657971,256,960,720)
(86019,345146212603,256,256,320)
(86020,619959101923,256,384,536)
(86021,1177261545787,256,2848,708)
(86022,2269190914491,256,1152,592)
(86023,2269290545595,256,1120,624)
(86024,2302409806267,256,2112,672)
(86025,1202997811515,256,1152,540)
(86026,2302538783163,256,3168,744)
(86027,416949868795,256,960,432)
(86028,413940360667,256,384,368)
(86029,1177102257595,256,768,456)
(86030,413940368635,256,384,368)
(86031,208730738923,448,1056,616)
(86032,207052653863,448,1808,768)
(86033,207169570599,448,1512,688)
(86034,207019623719,448,1368,688)
(86035,207053424423,448,1904,616)
(86036,207182447919,448,1384,720)
(86037,207070430511,448,1408,696)
(86038,207170061615,448,1440,720)
(86039,207170832175,384,928,536)
(86040,207120516399,384,1264,616)
(86041,207137285423,384,1136,536)
(86042,207183415663,384,1360,576)
(86043,240813166827,448,1056,660)
(86044,8865644431595,256,768,480)
(86045,619486692663,352,1368,720)
(86046,619387061559,448,1344,660)
(86047,210941052335,384,1152,580)
(86048,240809231663,384,1024,624)
(86049,240859547439,256,1856,648)
(86050,8865757349679,256,2016,580)
(86051,240858776879,256,1280,756)
(86052,4467659982127,256,2224,804)
(86053,240925631791,256,2592,596)
(86054,8865657201967,256,2684,708)
(86055,2268733704559,256,2816,636)
(86056,2268766734703,256,3296,756)
(86057,632074404959,448,1056,688)
(86058,640597230687,448,1416,768)
(86059,640696861791,448,1088,616)
(86060,670594909279,448,1480,688)
(86061,207657128171,448,1120,616)
(86062,208722481387,448,1416,688)
(86063,4501415549163,256,3416,640)
(86064,344563402987,256,512,416)
(86065,208734867691,448,704,600)
(86066,344496357611,448,640,600)
(86067,207124451563,256,384,432)
(86068,240809038059,256,992,576)
(86069,215172403435,256,768,576)
(86070,8865769216235,256,768,440)
(86071,8865760768235,256,1952,716)
(86072,4501407101163,256,3504,780)
(86073,207057469675,256,576,464)
(86074,4467730772203,256,1152,632)
(86075,207661322459,448,960,600)
(86076,208735064271,384,896,568)
(86077,619374330063,352,1152,672)
(86078,207711642075,256,384,416)
(86079,346219628655,448,768,600)
(86080,344609022063,352,880,672)
(86081,344622121199,256,384,416)
(86082,358802850911,448,1056,688)
(86083,367325676639,448,1416,768)
(86084,367425307743,448,1088,616)
(86085,397323355231,448,1480,688)
(86086,207673697895,448,672,688)
(86087,207673666151,448,848,768)
(86088,207706696295,448,672,616)
(86089,207671569063,448,672,688)
(86090,373767341151,352,1224,672)
(86091,373750826079,384,576,568)
(86092,373817427039,256,384,416)
(86093,399503606879,448,1296,600)
(86094,373867742815,448,992,600)
(86095,399504377439,352,1224,672)
(86096,399470830687,384,928,568)
(86097,399570461791,256,384,416)
(86098,207706704431,448,768,600)
(86099,207704640047,352,912,672)
(86100,207705162415,384,832,568)
(86101,207707259503,256,576,416)
(86102,210928469807,256,384,400)
(86103,210878154031,256,1376,676)
(86104,210811553071,256,1664,780)
(86105,210927953199,256,1472,636)
(86106,8865703332207,256,3536,648)
(86107,8865819478383,256,2976,748)
(86108,207023818839,448,1288,768)
(86109,207023818895,448,896,616)
(86110,207023817879,448,1184,688)
(86111,207082783927,448,1088,600)
(86112,207082784943,352,1568,672)
(86113,207081620631,384,384,568)
(86114,207081621647,256,384,416)
(86115,357192238203,352,880,576)
(86116,365814695035,384,512,464)
(86117,345095366735,352,640,576)
(86118,345145428559,384,512,464)
(86119,619921836215,256,720,620)
(86120,619988437175,384,768,520)
(86121,623245297079,256,768,500)
(86122,382861640939,256,384,504)
(86123,357124473947,256,816,620)
(86124,387156083947,256,256,400)
(86125,357225006315,256,384,520)
(86126,357107958875,256,2304,676)
(86127,382928495851,256,384,368)
(86128,382860739675,384,672,520)
(86129,387105637467,256,960,560)
(86130,357174559835,256,576,440)
(86131,350782440539,256,1008,580)
(86132,1177110882703,256,864,610)
(86133,395746281195,256,256,384)
(86134,395745510635,256,384,456)
(86135,387155953243,256,640,480)
(86136,382860993627,256,1728,620)
(86137,357191328859,256,2736,628)
(86138,382927594587,256,1248,500)
(86139,1169777822383,256,512,480)
(86140,1169779370159,256,1728,620)
(86141,1169777305775,256,1248,628)
(86142,1169779401903,256,1056,500)
(86143,4471418586543,256,3864,700)
(86144,4471534986671,256,2352,590)
(86145,2272327932079,256,4848,620)
(86146,4501465811311,256,1536,648)
(86147,2272327805103,256,4428,648)
(86148,8866177110235,384,1152,580)
(86149,8867250852047,256,1536,676)
(86150,352615549147,256,384,400)
(86151,4469341384911,256,2152,780)
(86152,8866294411739,256,1088,636)
(86153,4501465870811,256,3056,806)
(86154,346173821147,448,1376,696)
(86155,346174015695,384,832,536)
(86156,621051728079,256,1224,616)
(86157,621051791567,256,864,488)
(86158,8867255044303,256,1664,648)
(86159,4501419684047,256,2688,840)
(86160,4468313960923,256,1320,708)
(86161,8882274709979,256,1440,678)
(86162,8882336641499,256,1152,590)
(86163,413946662671,256,256,384)
(86164,413996985167,256,704,416)
(86165,1185700793519,256,1152,500)
(86166,346161434843,448,1384,720)
(86167,346169823439,384,1024,616)
(86168,346106970319,448,1504,720)
(86169,346224140763,384,928,536)
(86170,621047599311,256,1088,568)
(86171,8867254980815,256,1952,756)
(86172,627489263823,384,896,624)
(86173,8867371380943,256,2096,804)
(86174,8866306087131,256,864,580)
(86175,4501419743451,256,1680,724)
(86176,345146401243,256,256,320)
(86177,2269233029595,256,864,596)
(86178,2285338112475,256,2112,812)
(86179,346169692379,384,768,536)
(86180,8866181239003,256,1344,696)
(86181,2269294961115,256,1392,660)
(86182,345096081627,256,768,512)
(86183,621039341775,256,1088,600)
(86184,620984746191,256,1424,584)
(86185,352611356891,256,768,576)
(86186,8867379638479,256,1664,720)
(86187,8866231558619,256,832,552)
(86188,8866356343259,256,1120,668)
(86189,2302513852891,256,1632,752)
(86190,346232537327,384,800,536)
(86191,1185700785551,256,1920,620)
(86192,2285212674287,256,3600,648)
(86193,2285212801263,256,3856,620)
(86194,1185704783503,256,1296,630)
(86195,2272332450479,256,1056,480)
(86196,1169911256863,256,384,384)
(86197,413940360911,256,256,256)
(86198,623318738167,256,1056,432)
(86199,1177102257839,256,512,384)
(86200,620930077943,256,576,440)
(86201,665863718111,448,992,600)
(86202,674386543839,352,1224,672)
(86203,678647956703,384,1088,568)
(86204,678747587807,256,384,416)
(86205,207182401319,448,1152,600)
(86206,207081999655,352,1152,672)
(86207,207148600615,384,1088,568)
(86208,207149371175,256,384,416)
(86209,207199407407,384,800,536)
(86210,653117775967,384,576,580)
(86211,240801046639,256,512,400)
(86212,240938799355,256,1472,636)
(86213,4501408076027,256,3440,822)
(86214,8866306806011,256,1900,756)
(86215,8867372353775,256,1704,660)
(86216,8867305308399,256,2256,764)
(86217,619516038455,384,960,580)
(86218,8865689931559,256,512,400)
(86219,8865756532519,256,1152,676)
(86220,8865639615783,256,3168,780)
(86221,8865656901415,256,1344,636)
(86222,240826191151,256,2472,756)
(86223,240926592815,256,1952,660)
(86224,240925822255,256,2696,764)
(86225,4501420462331,256,1464,710)
(86226,4501416333563,256,1152,590)
(86227,4501420656879,256,1248,620)
(86228,352603881723,256,1280,728)
(86229,4469338165487,256,2632,780)
(86230,4475771441403,256,1760,776)
(86231,4475779829999,256,2400,648)
(86232,8873697427695,256,1632,680)
(86233,8867367406903,256,2256,740)
(86234,8867267775799,256,2172,710)
(86235,413996995167,256,832,416)
(86236,413964218975,256,640,384)
(86237,4471547563439,256,3012,710)
(86238,1169854617119,256,992,416)
(86239,4501466058543,256,1248,560)
(86240,4501415742767,256,4184,744)
(86241,1185700795551,256,1280,576)
(86242,645016978783,448,1248,696)
(86243,670653613407,448,1376,720)
(86244,674382349663,448,1376,720)
(86245,346219503711,448,1184,696)
(86246,619486924911,448,1424,720)
(86247,657869374815,384,1072,616)
(86248,662163817823,384,800,536)
(86249,670753244511,384,800,536)
(86250,670628447951,352,720,576)
(86251,671165253327,448,640,528)
(86252,345145892959,352,720,576)
(86253,621097404527,448,640,528)
(86254,240801042555,384,1648,624)
(86255,670594895439,256,960,616)
(86256,632643978447,256,2940,780)
(86257,671127572047,256,768,568)
(86258,658280090703,256,1728,676)
(86259,662570861903,384,1600,624)
(86260,658275898447,256,2436,756)
(86261,632107107663,256,3256,804)
(86262,671131700815,256,384,488)
(86263,662575056079,256,384,400)
(86264,657743221839,256,1872,648)
(86265,632639784271,256,1392,580)
(86266,671231331919,256,256,320)
(86267,662641657039,256,1728,636)
(86268,662104786255,256,2292,708)
(86269,662637462863,256,1632,596)
(86270,240930541819,256,1760,708)
(86271,240938930415,256,1632,596)
(86272,4467664896239,256,1824,660)
(86273,215177511151,256,1024,552)
(86274,4467731747067,256,1504,668)
(86275,421311963855,256,1984,520)
(86276,674511326559,384,800,536)
(86277,619499897071,384,1088,536)
(86278,8866294419707,256,2112,756)
(86279,8867368161519,256,2800,764)
(86280,4469275312367,256,1088,660)
(86281,621102055663,384,672,464)
(86282,671228104527,384,672,464)
(86283,665862868303,256,2080,756)
(86284,8867380611311,256,1776,624)
(86285,8867380547823,256,2168,728)
(86286,662666808655,256,2392,764)
(86287,662637907279,256,2064,728)
(86288,640696978767,256,2520,780)
(86289,4501416464623,256,4328,804)
(86290,421311894251,256,3528,726)
(86291,658405395791,256,1656,660)
(86292,662105230671,256,1632,624)
(86293,644958391631,256,1312,584)
(86294,352616268027,256,768,624)
(86295,4469342357743,256,1856,584)
(86296,4475783827707,256,1536,716)
(86297,4475784022255,256,576,440)
(86298,421311894363,256,1872,550)
(86299,8873684910331,256,3968,732)
(86300,8867313565935,256,1792,672)
(86301,654647758159,256,1728,672)
(86302,648687127887,256,1744,716)
(86303,352612139259,256,1968,672)
(86304,4468264423675,256,1680,716)
(86305,4475779698939,256,1536,716)
(86306,421311767275,256,1728,610)
(86307,371749618911,448,1248,696)
(86308,388863427807,448,1376,720)
(86309,384602014943,384,1072,616)
(86310,207735597671,448,640,696)
(86311,207604523687,448,864,720)
(86312,207606620775,448,864,720)
(86313,207707218663,384,832,616)
(86314,207706251879,384,384,536)
(86315,207704154791,384,384,536)
(86316,619453132071,384,1024,624)
(86317,619452878119,256,960,756)
(86318,619436363047,256,3944,804)
(86319,619386277159,256,576,648)
(86320,619486678823,256,576,580)
(86321,619336731943,256,3160,708)
(86322,619453648679,256,1152,596)
(86323,391043679455,384,800,536)
(86324,399633360095,384,800,536)
(86325,207642708527,384,576,536)
(86326,210940529967,256,2420,756)
(86327,210878598447,256,1920,764)
(86328,210928143663,256,1088,660)
(86329,240988524335,256,1792,624)
(86330,240888122671,256,2192,728)
(86331,240938208559,256,3024,728)
(86332,4467727027503,256,2604,780)
(86333,4467676941615,256,768,624)
(86334,4467777343279,256,1760,584)
(86335,240988720559,256,2416,672)
(86336,240939175343,256,2912,672)
(86337,4467789925807,256,2640,716)
(86338,207074624671,448,1184,696)
(86339,207141225631,448,1408,720)
(86340,207199028383,384,1184,616)
(86341,207199929759,384,1088,536)
(86342,620053432567,384,672,520)
(86343,1169614481575,384,576,520)
(86344,1169676413095,256,768,716)
(86345,1169678509223,256,1200,668)
(86346,1169714144423,256,512,680)
(86347,1169714914983,256,384,692)
(86348,1169714112679,256,576,620)
(86349,1169714883239,256,384,676)
(86350,1185701569951,256,1440,520)
(86351,421312141935,256,1296,520)
(86352,1169648328879,256,576,620)
(86353,1169715374255,256,864,676)
(86354,1169714929839,256,576,644)
(86355,1185701566111,256,576,400)
(86356,421311893743,256,1280,576)
(86357,421311893855,256,768,400)
(86358,1185693181599,256,1296,520)
(86359,421312338159,256,960,520)
(86360,345125242975,448,640,528)
(86361,345158273119,352,720,576)
(86362,345174788191,384,576,464)
(86363,345175558751,256,384,384)
(86364,373867742459,448,640,528)
(86365,399504377083,352,720,576)
(86366,373817412843,256,640,536)
(86367,358835487963,256,1776,668)
(86368,384472122587,256,2100,716)
(86369,387156149467,256,640,480)
(86370,620022008551,256,512,480)
(86371,619959110247,256,384,560)
(86372,619959109287,256,384,656)
(86373,620021009063,256,384,592)
(86374,623244774711,256,1680,640)
(86375,623211744567,256,2112,680)
(86376,403765789947,384,576,464)
(86377,367425293547,256,384,480)
(86378,399503592683,256,384,552)
(86379,388766565595,384,768,520)
(86380,388733535451,256,2016,680)
(86381,382861706459,256,1120,560)
(86382,371619726555,256,2320,692)
(86383,357225071835,256,2016,656)
(86384,397323341035,256,864,512)
(86385,355044820187,256,1376,608)
(86386,403865421051,256,384,384)
(86387,399570447595,256,256,320)
(86388,388833166555,256,1632,620)
(86389,397355992283,256,2176,676)
(86390,387222750427,256,1536,592)
(86391,403764880603,256,1904,644)
(86392,380781085915,256,1088,536)
(86393,365814752475,256,1728,624)
(86394,1169614776367,256,1808,592)
(86395,1169714924079,256,512,536)
(86396,1169714407471,256,832,624)
(86397,4471484665135,256,2160,648)
(86398,8869448060207,256,1464,620)
(86399,4471534980911,256,576,440)
(86400,8869398514991,256,3360,672)
(86401,1171522234527,256,4860,600)
(86402,4471485631919,256,3376,680)
(86403,4471535177135,256,2608,620)
(86404,1169911322271,256,576,400)
(86405,4501478641071,256,960,572)
(86406,4501416709551,256,3824,672)
(86407,4501466254767,256,1632,560)
(86408,1177110845791,256,1248,400)
(86409,620098700895,256,256,256)
(86410,2270171449583,256,384,320)
(86411,623051479279,256,256,256)
(86412,674511263071,384,864,576)
(86413,346224345311,384,1472,576)
(86414,8866307002591,256,2208,636)
(86415,8867372355807,256,2992,756)
(86416,8867305373919,256,2292,756)
(86417,345158992095,256,384,384)
(86418,671232298703,256,384,384)
(86419,665858676047,256,1896,636)
(86420,8867380613343,256,1952,648)
(86421,4501420658911,256,5072,828)
(86422,657868526927,256,2856,756)
(86423,662642101455,256,1904,648)
(86424,641233849551,256,2856,748)
(86425,352616464607,256,1824,648)
(86426,4469342359775,256,2952,748)
(86427,4475784024287,256,2952,648)
(86428,421311886283,256,1440,708)
(86429,8873697493215,256,3608,792)
(86430,397453298911,384,864,576)
(86431,207541625383,384,512,576)
(86432,619515580199,256,864,636)
(86433,619398663463,256,2992,756)
(86434,8865702317863,256,1152,648)
(86435,8865668517159,256,2464,748)
(86436,207174779103,384,864,576)
(86437,1169647837863,256,576,748)
(86438,1169647067303,256,384,748)
(86439,2285212422367,256,1280,576)
(86440,421311891823,256,1280,576)
(86441,623273676087,256,2376,720)
(86442,1202880884007,256,2860,744)
(86443,653175394087,256,864,540)
(86444,833628817631,256,1728,540)
(86445,8867396308279,256,2268,720)
(86446,1169911320351,256,576,432)
(86447,345159239903,384,672,464)
(86448,619892032167,256,576,688)
(86449,619891509799,256,384,656)
(86450,399633353979,384,672,464)
(86451,384601099483,256,2092,748)
(86452,384539167963,256,1840,688)
(86453,1169613514791,256,1728,688)
(86454,1169647315495,256,512,656)
(86455,1169714392615,256,384,672)
(86456,623127399719,256,2640,672)
(86457,397323406555,256,1728,656)
(86458,367425359067,256,1744,672)
(86459,1169647329335,256,768,656)
(86460,1169647845943,256,864,672)
(86461,833629071583,256,3936,600)
(86462,8869577330487,256,1440,528)
(86463,8869527014711,256,2920,672)
(86464,1177115039967,256,576,440)
(86465,348254438645,256,864,584)
(86466,348253529301,256,576,560)
(86467,1185686108053,256,2460,772)
(86468,623045916053,256,1536,728)
(86469,1172801729717,256,928,628)
(86470,1239844857067,256,1344,568)
(86471,1170654762901,256,1728,696)
(86472,1239844825323,256,576,536)
(86473,623046444469,256,1632,688)
(86474,1172802246325,256,576,556)
(86475,1185686116021,256,1712,680)
(86476,1238771214571,256,576,632)
(86477,346021054357,256,2672,784)
(86478,635930302357,256,2064,712)
(86479,432274671051,416,2432,840)
(86480,413935219403,256,832,512)
(86481,415204846411,352,3984,862)
(86482,2339293697867,384,2656,724)
(86483,345246623851,256,2176,720)
(86484,689915517035,256,720,724)
(86485,414131235659,256,720,796)
(86486,2338228344651,256,1584,592)
(86487,8936352855947,256,2936,806)
(86488,207783339803,384,1344,620)
(86489,415037614187,352,2544,768)
(86490,346320234603,352,2256,744)
(86491,1239840758123,384,1704,770)
(86492,691796400235,256,1600,656)
(86493,623345358955,256,512,608)
(86494,8935279094443,256,1152,584)
(86495,621173885291,256,1088,544)
(86496,8935179463339,256,4184,844)
(86497,4540061804907,256,1968,576)
(86498,1241794292075,256,576,512)
(86499,4536865745259,256,1120,552)
(86500,623321106795,384,1680,664)
(86501,1239840631147,384,1296,740)
(86502,692038486379,384,1648,632)
(86503,4537939356011,256,1968,576)
(86504,1238767020395,384,864,724)
(86505,8936352832171,384,1680,676)
(86506,691797301611,384,2592,632)
(86507,8936253204907,256,2016,836)
(86508,8936253201067,256,1408,718)
(86509,623346260331,384,768,620)
(86510,4537939482987,256,1344,512)
(86511,4540070189419,256,384,488)
(86512,4540086958443,256,1344,512)
(86513,837548838219,352,4588,896)
(86514,837565615211,352,2020,752)
(86515,837665754955,384,1824,752)
(86516,837674405227,384,1984,620)
(86517,829342136533,384,576,544)
(86518,1658132535189,256,640,464)
(86519,829351303413,384,832,464)
(86520,833498826645,256,1632,560)
(86521,1658132546997,256,576,528)
(86522,1377162401995,384,960,724)
(86523,1375738848437,256,2948,816)
(86524,1376155677899,256,576,592)
(86525,1650616358549,352,1632,640)
(86526,1650616751285,352,1920,784)
(86527,1375738836629,256,2224,728)
(86528,825983813301,256,576,448)
(86529,4949151372981,256,1816,724)
(86530,5498906928565,256,2224,780)
(86531,1377230197995,384,1872,740)
(86532,1650617521845,384,960,544)
(86533,1692892566771,384,864,788)
(86534,1377228101867,384,1728,770)
(86535,1650617271733,384,1728,688)
(86536,688982723819,384,1704,760)
(86537,5498906924725,256,2008,736)
(86538,1376154364139,384,864,724)
(86539,1675618326683,384,576,742)
(86540,1701354592411,256,576,706)
(86541,1375739365045,384,1872,672)
(86542,1688470722715,256,576,614)
(86543,3299884177077,256,864,692)
(86544,5498907178677,256,768,512)
(86545,4674273470133,256,2432,704)
(86546,2338232602315,256,832,448)
(86547,2339323120875,256,832,488)
(86548,4468115272343,256,640,512)
(86549,4537103966831,256,640,440)
(86550,705003964651,256,3296,690)
(86551,4538263177707,256,3200,752)
(86552,2354271553003,256,576,600)
(86553,833652034805,256,384,384)
(86554,1377234390251,256,2232,690)
(86555,1257498521355,352,1404,1020)
(86556,422678103755,448,2448,884)
(86557,448372541131,448,2574,1022)
(86558,1255896299275,352,1548,1024)
(86559,3335604378187,384,864,840)
(86560,413935153995,256,1088,624)
(86561,4537188657611,384,2904,724)
(86562,413148067467,384,1760,632)
(86563,430577105739,256,2960,720)
(86564,415094867403,352,3560,870)
(86565,4538262268363,384,3312,724)
(86566,689972643275,256,1624,860)
(86567,4538262395339,256,3168,732)
(86568,2339239298507,256,3360,890)
(86569,413934481947,384,1248,620)
(86570,4538279045355,448,2304,840)
(86571,4537205434603,448,2904,858)
(86572,4538279172331,384,2448,724)
(86573,430126442731,256,768,560)
(86574,1169587709591,256,512,448)
(86575,4537155889387,256,2704,788)
(86576,2270251616501,256,4182,732)
(86577,1238305089175,256,256,352)
(86578,345345123991,256,576,464)
(86579,2339356477163,256,2352,728)
(86580,4538379577835,256,3364,860)
(86581,2302397287157,256,2824,720)
(86582,2269490464439,256,384,496)
(86583,4537305836267,256,4734,872)
(86584,3334530767435,384,864,840)
(86585,829356682453,384,960,544)
(86586,833668549877,448,1024,528)
(86587,413680744075,384,2064,632)
(86588,4674541730507,256,1760,552)
(86589,1377233607883,384,1296,724)
(86590,1377233480907,384,864,724)
(86591,413680265995,384,768,632)
(86592,1376159870155,256,1392,732)
(86593,1377292193003,448,2220,858)
(86594,1377283935467,448,2448,840)
(86595,1376218582251,384,1152,724)
(86596,1375739848343,256,576,488)
(86597,4674273699479,256,640,512)
(86598,2491356563127,256,2184,640)
(86599,4681789884087,256,1248,472)
(86600,6598419039927,256,960,488)
(86601,1257511103883,256,480,696)
(86602,1257381604619,256,1584,992)
(86603,834352778571,256,4148,894)
(86604,455830013643,448,3364,1094)
(86605,3336141379787,256,384,600)
(86606,456362690251,352,2886,1046)
(86607,456366819019,384,2072,914)
(86608,1248841860747,256,384,760)
(86609,3335604574411,256,576,754)
(86610,1248254674187,256,864,1034)
(86611,3302385617227,256,576,952)
(86612,3302381488459,256,576,784)
(86613,1248791544971,256,384,728)
(86614,3302385682635,256,576,848)
(86615,459583915599,480,1784,872)
(86616,472467785295,448,1416,800)
(86617,415112103147,352,2998,960)
(86618,224433224523,256,1280,552)
(86619,833645484501,256,2048,604)
(86620,833645357525,256,3168,744)
(86621,833578502613,256,2912,806)
(86622,2474727682955,256,512,552)
(86623,215843773211,256,256,432)
(86624,842159965429,256,1280,500)
(86625,833637107957,384,768,520)
(86626,842235204853,256,2160,620)
(86627,211549330203,256,256,432)
(86628,224434199387,256,384,352)
(86629,826114927183,256,1248,512)
(86630,833646266869,256,1664,560)
(86631,224433676059,256,256,352)
(86632,413684936331,256,1696,648)
(86633,4537102777163,256,2848,704)
(86634,1650623080527,256,832,552)
(86635,826063227349,256,4056,834)
(86636,826014525519,256,2224,720)
(86637,826280863823,256,1808,648)
(86638,2475667301835,256,1696,568)
(86639,208869202763,256,1632,536)
(86640,223900547915,256,1472,520)
(86641,413810244299,256,2448,696)
(86642,2476741039563,256,384,352)
(86643,2476732524235,256,1840,568)
(86644,413143397131,256,1152,536)
(86645,827203851733,256,3540,890)
(86646,2476740912587,256,4320,708)
(86647,2476674057675,256,2824,842)
(86648,2476740908747,256,1536,480)
(86649,2476616124107,256,3272,758)
(86650,2475667171019,256,3000,708)
(86651,208868203275,256,1760,648)
(86652,2475264551819,256,768,696)
(86653,413709613707,256,384,520)
(86654,2475600316107,256,4152,858)
(86655,2339702545291,256,960,520)
(86656,207791724315,256,576,472)
(86657,421450658587,256,1520,632)
(86658,207908124443,256,1872,600)
(86659,215311096603,256,384,496)
(86660,207853624091,256,1456,628)
(86661,2476732916971,256,2280,590)
(86662,1650623597135,384,512,416)
(86663,2476674319595,256,3516,788)
(86664,2476741301483,256,1248,416)
(86665,2476740920555,384,2808,676)
(86666,826015042127,384,1776,632)
(86667,2476666062059,256,2816,716)
(86668,2475667563755,256,2608,590)
(86669,826281380431,384,2216,552)
(86670,208869660059,256,576,472)
(86671,211016653595,256,576,628)
(86672,223901522779,256,1776,544)
(86673,2474842960797,256,1184,416)
(86674,2268690822045,256,1568,528)
(86675,207820593947,256,768,496)
(86676,207921224539,256,1776,592)
(86677,344604193693,256,2664,624)
(86678,2475667309803,256,1248,584)
(86679,2475600708843,256,3996,796)
(86680,2750134666903,256,576,496)
(86681,2478477977239,256,2280,608)
(86682,2475281917591,256,384,520)
(86683,2508934425067,256,3312,762)
(86684,2508820121067,256,2088,648)
(86685,6598498224629,256,2160,808)
(86686,2476741821931,256,3876,740)
(86687,2476791236331,256,2352,728)
(86688,223900999451,256,1968,592)
(86689,2337309700891,256,512,520)
(86690,207920701211,256,1152,544)
(86691,3299353015067,256,1152,568)
(86692,2508934294251,256,3600,768)
(86693,2508819990251,256,2096,600)
(86694,6599571835381,256,4644,836)
(86695,2475668080363,256,3264,760)
(86696,2508934421227,256,1440,608)
(86697,2491706181355,256,960,664)
(86698,6599563577845,256,1440,834)
(86699,830009600079,256,2464,816)
(86700,835516010197,256,1976,604)
(86701,209406073547,256,576,512)
(86702,224437418699,256,1760,552)
(86703,2477267390165,256,2944,744)
(86704,209405074059,256,384,624)
(86705,2337825600395,256,768,720)
(86706,216921250699,256,768,704)
(86707,2337826052891,256,576,432)
(86708,2752170331381,256,1424,500)
(86709,830010116687,384,2144,688)
(86710,346304419227,256,256,352)
(86711,1238314949403,256,384,544)
(86712,4536849800027,256,1248,464)
(86713,2269489836957,256,1904,528)
(86714,4678299773519,256,2556,676)
(86715,4536849276699,256,928,520)
(86716,1246088114971,256,768,664)
(86717,1238779700431,256,256,352)
(86718,1169581421207,256,576,488)
(86719,1238780609775,256,256,320)
(86720,1238569345135,256,576,448)
(86721,344953762461,256,1480,700)
(86722,345344504477,256,576,488)
(86723,1238721701455,448,1536,720)
(86724,413681653531,448,1296,648)
(86725,345279998747,256,576,432)
(86726,345344883485,256,576,528)
(86727,1245820364439,256,256,432)
(86728,1177102984855,256,576,544)
(86729,1245821273783,256,576,400)
(86730,1177103894199,256,1952,496)
(86731,1383255123607,256,1248,512)
(86732,1383256032951,256,1392,488)
(86733,344545489565,256,928,488)
(86734,207795853083,448,2040,744)
(86735,2475518765851,256,1840,600)
(86736,344545868573,256,1664,656)
(86737,2478471784087,256,1248,692)
(86738,3299884279447,256,576,568)
(86739,2478472693431,256,1952,644)
(86740,3299885188791,256,1184,512)
(86741,1246633602883,448,4716,910)
(86742,1246633604803,448,1536,592)
(86743,1385133715267,448,896,528)
(86744,1385133717187,448,1480,648)
(86745,425221107523,448,3654,844)
(86746,3301762871107,448,2304,724)
(86747,1248850642191,352,7280,1008)
(86748,1244556199183,256,1296,718)
(86749,1248817612047,256,1296,786)
(86750,1274553877775,384,672,778)
(86751,1248917243151,256,576,830)
(86752,1248917497103,256,1440,858)
(86753,345222293147,256,1424,652)
(86754,1238779472463,384,576,620)
(86755,345221294619,256,864,556)
(86756,1238779504207,256,576,540)
(86757,345230677659,256,768,504)
(86758,345280000667,256,1696,680)
(86759,345347077787,256,768,608)
(86760,1238771214927,448,960,708)
(86761,345229679131,448,1056,624)
(86762,348174072349,256,768,620)
(86763,4537213691535,256,512,440)
(86764,4537188919887,384,1296,588)
(86765,1173076978255,384,1248,552)
(86766,4537188918927,256,1616,620)
(86767,4537255519887,256,1432,676)
(86768,1169980549711,256,832,544)
(86769,1241794357839,384,768,620)
(86770,1238431590991,256,2240,640)
(86771,688674068119,256,768,488)
(86772,620223026839,256,3408,600)
(86773,4537314224975,256,1392,616)
(86774,1169981451087,256,864,464)
(86775,1238432492367,256,864,544)
(86776,413939615291,384,1344,572)
(86777,1238780381807,384,1008,620)
(86778,413265908347,256,3456,664)
(86779,1173075272887,256,1088,560)
(86780,1238429885623,256,1392,632)
(86781,1172808934583,256,992,624)
(86782,1169978844343,256,2240,720)
(86783,2338258486895,256,1424,596)
(86784,2338291517039,256,1856,740)
(86785,1169981459055,256,1680,568)
(86786,1238432500335,256,2560,652)
(86787,4537331001007,256,1920,716)
(86788,620225645391,256,1632,560)
(86789,688676686671,256,2184,656)
(86790,423090401091,448,1824,624)
(86791,833796648771,448,1152,608)
(86792,696894566211,448,2664,752)
(86793,835547893327,384,3736,758)
(86794,1392112986703,256,2652,692)
(86795,1391844931223,256,1896,636)
(86796,1392113888079,256,1248,464)
(86797,1391844943031,256,2636,780)
(86798,1392113896047,256,2920,680)
(86799,842358082383,256,2816,676)
(86800,1675714761971,448,1296,876)
(86801,1701351396595,256,576,678)
(86802,688978529643,448,2400,840)
(86803,689011559787,256,1152,660)
(86804,207795918491,256,1512,624)
(86805,2475518767771,256,1512,544)
(86806,207912318619,256,1248,496)
(86807,1709403445491,448,960,846)
(86808,689040461163,448,2448,804)
(86809,207794919963,448,2056,744)
(86810,1375738706461,256,1664,652)
(86811,1654577600667,256,384,484)
(86812,1375950121175,256,384,440)
(86813,1684508678299,384,576,742)
(86814,1684575279259,256,576,614)
(86815,1684475648155,256,864,754)
(86816,1379229117007,384,2144,688)
(86817,4677762968143,256,768,512)
(86818,5499175463503,256,1088,568)
(86819,1658839013531,256,384,670)
(86820,4677494912663,256,1696,636)
(86821,5498907408023,256,256,320)
(86822,1667361839259,256,384,654)
(86823,4677763869519,256,1728,620)
(86824,5499176364879,256,864,488)
(86825,1701214035187,384,1008,738)
(86826,1238767895931,384,1776,700)
(86827,413679571069,384,768,544)
(86828,413798584955,256,2432,544)
(86829,1378961073335,256,1808,696)
(86830,4677494924471,256,2176,724)
(86831,5498907419831,256,864,464)
(86832,1688601795739,256,576,574)
(86833,1701386034331,256,1488,796)
(86834,4677763877487,256,2416,680)
(86835,5499176372847,256,1120,536)
(86836,1705112706203,256,864,782)
(86837,4675616394063,256,2756,732)
(86838,4949420559183,256,576,432)
(86839,1257511112207,256,1440,896)
(86840,1244627242511,256,1944,784)
(86841,1274558320143,256,1088,656)
(86842,1248921685519,256,2960,1010)
(86843,835418131787,256,3144,826)
(86844,835543698795,256,576,464)
(86845,1248842253839,256,6760,752)
(86846,1244547810831,256,2232,712)
(86847,1248809223695,256,1152,752)
(86848,1274545489423,256,576,678)
(86849,1248908854799,256,864,934)
(86850,837588306267,256,1440,608)
(86851,1385196636507,256,2000,648)
(86852,2761674934619,256,864,568)
(86853,1248909108751,256,864,802)
(86854,1659000801627,256,4120,800)
(86855,2486805416283,256,512,544)
(86856,834482540111,256,2608,610)
(86857,2484674709851,256,1680,696)
(86858,4846419182827,640,3152,1156)
(86859,9212370095435,576,2766,1198)
(86860,18006333195499,384,976,616)
(86861,9244398849355,480,2886,1118)
(86862,9218812544235,576,3456,1238)
(86863,1257511117967,256,720,696)
(86864,414046749931,256,720,796)
(86865,1244627248271,256,864,628)
(86866,1274558325903,256,384,464)
(86867,1248921691279,256,1152,628)
(86868,9244515766091,480,2634,1004)
(86869,4846502547051,592,3276,1076)
(86870,422165876059,256,1584,592)
(86871,1662222014699,256,5044,784)
(86872,2761700088043,256,2312,660)
(86873,3311439124715,256,384,588)
(86874,9218778991723,384,1728,786)
(86875,1662182950123,256,3752,830)
(86876,4846536099563,384,4384,864)
(86877,1244626725903,256,3088,1008)
(86878,9358747567851,256,3594,840)
(86879,2757805415147,256,3224,788)
(86880,1692230944491,256,2624,692)
(86881,1658327341803,256,2456,592)
(86882,2753544002283,256,1984,632)
(86883,835556281679,256,3388,774)
(86884,1660035466699,256,4020,930)
(86885,2337830247067,256,992,544)
(86886,1238319143579,256,384,432)
(86887,4536853928795,256,768,416)
(86888,637142121157,256,1440,896)
(86889,622110776005,256,1680,744)
(86890,654189075141,256,1152,608)
(86891,628552440517,256,1536,792)
(86892,622110259397,256,3024,812)
(86893,654188558533,256,1120,656)
(86894,621993859269,256,960,622)
(86895,628435523781,256,1824,732)
(86896,637041719493,256,2160,890)
(86897,622010374341,256,2728,760)
(86898,833780140623,256,832,512)
(86899,622110005445,256,3732,864)
(86900,2338903988635,256,1088,496)
(86901,842369952079,256,1632,560)
(86902,4673749799165,256,384,352)
(86903,827189185359,256,576,400)
(86904,1692892501363,256,384,634)
(86905,688982723931,256,576,472)
(86906,413685847707,256,1568,608)
(86907,2475256621723,256,1824,624)
(86908,345351174749,256,864,536)
(86909,353282726555,256,768,432)
(86910,345292577435,256,1456,652)
(86911,4537205430507,384,1680,668)
(86912,4537188915435,256,768,520)
(86913,4537155885291,256,2400,718)
(86914,4537255516395,256,3248,660)
(86915,4537272285419,256,2144,772)
(86916,4537305832171,256,3264,700)
(86917,1675614132395,384,768,674)
(86918,1376154364495,384,576,588)
(86919,1692760971435,256,384,694)
(86920,1701350398123,256,384,682)
(86921,1688466528427,256,384,558)
(86922,1671352719531,256,864,712)
(86923,1662829893803,256,384,598)
(86924,346308548955,384,1216,552)
(86925,348988283547,256,384,488)
(86926,361873087323,256,1248,464)
(86927,2269496125341,256,832,352)
(86928,2475648264093,256,1856,496)
(86929,345259547291,256,384,384)
(86930,413811153755,256,1680,560)
(86931,345409496989,256,2888,560)
(86932,1652265523283,256,1296,536)
(86933,1652298553427,256,576,710)
(86934,1376155690063,256,864,464)
(86935,826264865359,256,832,448)
(86936,1376153593935,256,576,628)
(86937,1654396229715,256,1296,632)
(86938,1654512629843,256,576,630)
(86939,825998527055,256,1184,544)
(86940,1658690672723,256,576,878)
(86941,1667296868435,256,576,658)
(86942,2478502749847,256,1248,644)
(86943,2750142924439,256,1296,520)
(86944,2750409262743,256,576,632)
(86945,1684443707475,256,576,762)
(86946,1391991011927,256,2112,762)
(86947,1409307980879,256,1616,648)
(86948,2478869620631,256,1120,520)
(86949,3299929957527,256,864,692)
(86950,6599498877551,256,864,488)
(86951,2750526572215,256,1248,520)
(86952,6599765215855,256,1824,568)
(86953,2476338747803,256,256,384)
(86954,1272404186523,256,864,536)
(86955,1272404089259,256,384,480)
(86956,619319012726,256,2496,576)
(86957,688036392310,256,512,384)
(86958,210759986550,256,384,496)
(86959,1272404088243,256,640,588)
(86960,688043102070,256,384,400)
(86961,2354734898011,256,384,400)
(86962,1237782138742,256,576,464)
(86963,9347529379187,256,768,644)
(86964,9347595980147,256,2736,752)
(86965,354356468123,256,928,520)
(86966,2337955584859,256,1088,520)
(86967,6598433119067,256,1248,488)
(86968,1701213969779,256,384,540)
(86969,1238772090107,256,384,400)
(86970,207521141053,256,576,400)
(86971,413802777211,256,3920,592)
(86972,2474845098619,256,1344,400)
(86973,2475381967483,256,2064,544)
(86974,413860579963,256,3296,612)
(86975,2478503142583,256,2208,636)
(86976,2750143055255,256,960,616)
(86977,2750409393559,256,1296,704)
(86978,688036130278,256,1440,520)
(86979,208595987942,256,768,612)
(86980,1237798915902,256,576,440)
(86981,2338250163451,256,2576,748)
(86982,1688597601451,256,576,616)
(86983,2475531388029,256,1344,520)
(86984,4468415437438,256,1248,472)
(86985,2475548673661,256,1088,448)
(86986,413710632061,256,2064,580)
(86987,413760947837,256,2328,580)
(86988,1383451658871,256,2592,726)
(86989,1392192604271,256,1728,660)
(86990,3300351313583,256,864,728)
(86991,1671306615891,256,1824,822)
(86992,1669175909459,256,640,578)
(86993,1688469970003,256,864,788)
(86994,1686322748499,256,864,796)
(86995,2478503659191,256,1704,564)
(86996,2476722145175,256,1600,504)
(86997,2478869628599,256,1664,536)
(86998,2750143825815,256,1280,504)
(86999,6601646099055,256,1824,552)
