(35000,1376021356122,256,576,616)
(35001,826397765059,384,2856,756)
(35002,413952880457,256,2192,672)
(35003,826399698627,256,5186,904)
(35004,826397634243,256,3676,952)
(35005,4674562633411,256,1440,860)
(35006,415026618185,256,1440,752)
(35007,826298141923,256,1904,644)
(35008,413949597530,256,1088,584)
(35009,413949140570,256,576,536)
(35010,2338085644122,256,2064,652)
(35011,826450153187,256,1248,676)
(35012,4674587798755,256,3232,820)
(35013,4707842305507,256,1600,624)
(35014,4707840241123,256,3198,834)
(35015,13195769359843,256,3608,792)
(35016,415027010906,256,832,648)
(35017,4537121349466,256,2480,592)
(35018,414078574426,256,1856,684)
(35019,4707842174691,256,640,448)
(35020,4707831852771,256,2856,806)
(35021,13195771293411,256,3722,850)
(35022,1238586596954,256,864,724)
(35023,207790421837,256,880,560)
(35024,413978041946,256,384,480)
(35025,4674688200419,256,4214,944)
(35026,4707833917155,256,1776,668)
(35027,4707840110307,256,1320,700)
(35028,13195769229027,256,3894,898)
(35029,345229309773,256,1968,608)
(35030,1248252565123,256,576,724)
(35031,1243957599747,256,864,676)
(35032,447788934315,256,2232,780)
(35033,1264895301267,256,864,576)
(35034,1248252827155,384,1296,872)
(35035,1260600335891,256,1296,724)
(35036,1250400048659,256,1296,838)
(35037,1252010661011,256,864,700)
(35038,1243957613587,256,1728,800)
(35039,4675629915610,256,256,384)
(35040,826303425731,256,3796,912)
(35041,826362137827,256,2524,748)
(35042,9072632245475,256,4474,876)
(35043,1409311681763,256,1584,766)
(35044,9075828305123,256,384,384)
(35045,9897240800483,256,1584,786)
(35046,9074211270341,256,3020,812)
(35047,415563488969,256,1440,684)
(35048,4537117220698,256,2688,616)
(35049,9074328579813,256,1296,612)
(35050,4538195156442,256,3704,676)
(35051,620098828109,256,576,496)
(35052,9089245621987,256,3638,806)
(35053,431665356250,256,2592,616)
(35054,1274551766791,384,1464,806)
(35055,1248915132167,256,960,784)
(35056,18838422918505,640,960,948)
(35057,1830335649129,580,2694,1236)
(35058,18314420147561,448,1488,816)
(35059,19946423817577,256,384,528)
(35060,3488075584873,480,960,922)
(35061,11154592208233,480,768,902)
(35062,26543460046185,256,576,536)
(35063,9535372776809,448,2160,784)
(35064,19963587171689,544,800,872)
(35065,10076538901865,576,1248,1116)
(35066,26560623400297,256,576,544)
(35067,1247304525575,256,576,752)
(35068,1289583111943,352,1548,1014)
(35069,7733638174057,592,1120,1018)
(35070,15400154797417,616,2572,1206)
(35071,24191986406761,680,1984,1120)
(35072,22574897681769,448,1488,812)
(35073,30789022635369,448,1716,908)
(35074,3900379862377,256,960,738)
(35075,12114504815977,432,880,986)
(35076,20908467131753,480,960,934)
(35077,26955764323689,448,960,788)
(35078,1248915137927,256,256,416)
(35079,20893552186729,488,1504,1122)
(35080,20925630485865,528,1072,990)
(35081,28592147109225,608,1376,1152)
(35082,1257404411143,384,2036,910)
(35083,1244620172551,256,864,644)
(35084,22145497339257,256,256,480)
(35085,19946541192569,576,1544,956)
(35086,6786627179897,544,1948,1112)
(35087,11154709583225,608,2992,1330)
(35088,3488192959865,528,2392,1062)
(35089,26543510820217,544,1392,884)
(35090,26534987994489,624,1624,1004)
(35091,11184640660857,616,2400,1160)
(35092,26560624629113,256,384,592)
(35093,26543577421177,448,1632,796)
(35094,13383663408505,352,1836,884)
(35095,1263880406807,384,2064,946)
(35096,12146708747641,536,2260,1088)
(35097,27497056081273,612,3518,1318)
(35098,27522692715897,256,384,568)
(35099,1263846860055,352,3712,1062)
(35100,1251062621463,256,864,664)
(35101,413940758105,256,864,646)
(35102,356904016281,352,1320,956)
(35103,382540650905,256,832,620)
(35104,386952010649,448,2416,924)
(35105,631775631593,256,384,568)
(35106,644559870185,352,1152,784)
(35107,344993241329,256,832,652)
(35108,344993143217,352,880,868)
(35109,628554406601,256,256,416)
(35110,344993376903,256,256,416)
(35111,624259446985,256,576,576)
(35112,628437489865,384,1984,692)
(35113,622111971529,256,384,464)
(35114,2269240436615,256,576,464)
(35115,211539930858,256,2848,696)
(35116,209392447434,256,3672,672)
(35117,413941220986,256,384,562)
(35118,1238573966713,256,4668,672)
(35119,413939083241,256,5044,620)
(35120,365544151481,424,2024,1088)
(35121,386952403385,448,1536,900)
(35122,395541830073,256,768,520)
(35123,644593420777,384,832,784)
(35124,414098462073,384,1440,852)
(35125,1169779141223,256,512,496)
(35126,644543093193,352,2260,832)
(35127,629628148169,256,384,480)
(35128,8866191714983,256,576,480)
(35129,689893328655,256,576,544)
(35130,4538182985487,256,2124,636)
(35131,4983273678607,256,1920,690)
(35132,4709469513487,256,1488,690)
(35133,876211201807,256,2928,690)
(35134,4536309863804,256,768,416)
(35135,414070191961,256,2968,720)
(35136,1238305550058,256,1264,536)
(35137,688549736394,256,1840,576)
(35138,414070199929,256,3252,656)
(35139,1376012854649,256,1520,488)
(35140,413934954473,256,2312,532)
(35141,1383403431143,256,1152,520)
(35142,2478620091623,256,640,496)
(35143,3300032586983,256,768,568)
(35144,1203672127865,256,864,560)
(35145,8883072588217,256,768,416)
(35146,1375751837945,256,768,560)
(35147,3300024061305,256,576,640)
(35148,413979022585,256,1248,580)
(35149,1290656722695,384,1320,846)
(35150,1274551119367,384,2168,918)
(35151,1257404280327,256,1552,754)
(35152,1244620041735,256,1680,770)
(35153,827960444187,384,768,762)
(35154,860105788699,256,3716,878)
(35155,4709469965627,256,2680,810)
(35156,4983274130747,256,3060,864)
(35157,876211653947,256,2260,684)
(35158,861179530511,256,3968,886)
(35159,861179856655,256,1872,818)
(35160,2784250677007,256,960,750)
(35161,2510446511887,256,2592,798)
(35162,867621521167,256,864,810)
(35163,4983273869071,256,960,544)
(35164,4709469703951,256,2436,808)
(35165,876211392271,256,2724,836)
(35166,861212886799,256,2832,946)
(35167,4572005848747,256,3112,854)
(35168,4982712096427,256,1440,668)
(35169,738747537067,256,4284,932)
(35170,1375745380281,256,576,416)
(35171,827457064719,256,4096,824)
(35172,413953791833,256,1184,696)
(35173,413680672489,256,3408,712)
(35174,413697187561,256,1280,512)
(35175,413938753257,256,1632,560)
(35176,413697449593,256,2640,696)
(35177,4537109747450,256,1392,604)
(35178,619830717937,256,2304,592)
(35179,1171463024113,256,1408,512)
(35180,2338215532282,256,1968,708)
(35181,4537171678970,256,576,416)
(35182,619831234545,256,3216,664)
(35183,1650622410217,256,3988,668)
(35184,6598693066490,256,864,636)
(35185,345221894121,256,4856,620)
(35186,4675630321423,256,1440,746)
(35187,4950499839759,256,2200,668)
(35188,208885390586,256,960,608)
(35189,211016097018,256,1968,544)
(35190,207811779834,256,4432,720)
(35191,447788934427,256,2040,852)
(35192,447851832731,256,3132,846)
(35193,4570957014443,256,1944,720)
(35194,4707859097003,256,384,480)
(35195,463894537643,256,2160,756)
(35196,413147995881,256,1408,544)
(35197,830024044047,256,6054,828)
(35198,831089397263,256,1864,536)
(35199,827893337615,256,960,700)
(35200,413164772985,256,1760,576)
(35201,207794875881,256,1088,448)
(35202,2354191701754,256,1968,676)
(35203,207812169593,256,864,496)
(35204,346320149754,256,832,496)
(35205,348467371258,256,256,384)
(35206,345246539002,256,1248,544)
(35207,1248378263303,256,960,808)
(35208,1256901089031,384,864,834)
(35209,1282067042055,384,1320,830)
(35210,1289046243079,352,1548,1006)
(35211,1290656855431,256,256,384)
(35212,1256867542279,384,5076,914)
(35213,1244083303687,256,864,708)
(35214,1277772082439,256,2060,850)
(35215,1265020999447,448,2136,866)
(35216,1290657634071,384,2628,746)
(35217,1297099298583,352,2358,922)
(35218,1290656863511,256,384,528)
(35219,1264920597783,384,2808,890)
(35220,1252136359191,256,1680,768)
(35221,1260659184919,256,1392,814)
(35222,1290774034199,256,1488,660)
(35223,1290657117463,256,2396,890)
(35224,1260726039831,256,2736,922)
(35225,1292804338967,256,3090,1010)
(35226,632580934889,256,640,632)
(35227,641103760617,384,576,656)
(35228,413987411161,256,880,716)
(35229,413987345641,384,832,740)
(35230,345158003399,256,256,384)
(35231,8866181229255,256,832,592)
(35232,8866306013895,256,1360,636)
(35233,641170742505,448,960,720)
(35234,671160143337,384,576,624)
(35235,414098525561,448,1280,788)
(35236,414131555705,384,1152,692)
(35237,674322652393,352,1032,768)
(35238,345174546873,352,1280,844)
(35239,671101431241,256,256,384)
(35240,641053433033,384,1192,700)
(35241,626138488009,256,768,592)
(35242,638922726601,256,1120,636)
(35243,8866206394599,256,1088,592)
(35244,8866239424743,256,1392,636)
(35245,671227125225,256,640,544)
(35246,345146200569,256,832,584)
(35247,671109815753,256,1400,684)
(35248,639023259081,256,1368,716)
(35249,8866306796263,256,1624,716)
(35250,672175168969,256,1576,772)
(35251,8866356341479,256,1884,772)
(35252,833899513631,256,2448,800)
(35253,9497389141353,672,1980,1020)
(35254,1830872517993,528,1440,1042)
(35255,26535524405097,448,2136,880)
(35256,9510173379945,480,2856,1018)
(35257,11140214132073,256,864,648)
(35258,11155129077097,512,1424,746)
(35259,2926089178473,384,384,678)
(35260,11185177071465,384,1392,656)
(35261,26529015369065,544,1056,920)
(35262,9527320218985,544,1088,932)
(35263,11172292431209,384,384,630)
(35264,26561160269161,256,384,604)
(35265,7186566712681,384,576,794)
(35266,15400691666281,256,960,716)
(35267,24194653982057,512,2224,878)
(35268,24224701976425,384,1896,752)
(35269,3900916731241,528,2776,962)
(35270,11567433354601,672,2328,1002)
(35271,20359264963945,672,2536,1072)
(35272,28605568618345,448,2160,908)
(35273,10472216694121,432,3160,1102)
(35274,1248915134087,256,576,552)
(35275,1257437959815,384,864,660)
(35276,20346480725353,480,1152,874)
(35277,19259786890601,432,2140,958)
(35278,20376411802985,544,1088,918)
(35279,28592683978089,544,1152,910)
(35280,26956301192553,512,3230,1048)
(35281,1248814599687,256,2120,860)
(35282,1274550865415,384,1344,824)
(35283,1244553186823,256,1696,754)
(35284,1289583113863,352,1080,804)
(35285,1255793800711,256,2000,820)
(35286,1243009562119,256,768,672)
(35287,1276698340871,256,2368,1012)
(35288,1257404413063,384,960,668)
(35289,1244620174471,256,576,568)
(35290,1244519640071,256,3086,1002)
(35291,22137511382393,592,2720,1060)
(35292,22133249969529,592,2044,1116)
(35293,13345679773049,576,1608,886)
(35294,18847599988089,624,2564,1234)
(35295,5679163149689,560,2052,1090)
(35296,26535524863353,624,2396,1060)
(35297,22163181047161,576,1752,984)
(35298,19947078061433,544,1888,858)
(35299,6774379810169,384,864,678)
(35300,3488729828729,256,512,620)
(35301,19964224900473,512,1200,762)
(35302,26531230420345,544,1904,948)
(35303,22163148017017,384,864,718)
(35304,18864713796985,544,1840,928)
(35305,26561161497977,256,512,572)
(35306,26544114290041,352,2830,1032)
(35307,22163247648121,448,2172,906)
(35308,24224194467193,576,2280,1048)
(35309,15432362857849,584,3130,1196)
(35310,30791233017209,576,2332,1056)
(35311,30821230695801,384,1704,700)
(35312,20925760247161,544,3054,1200)
(35313,28592276870521,616,3508,1262)
(35314,12146712876409,432,1320,930)
(35315,28605061109113,480,1152,858)
(35316,28622207948153,384,1136,850)
(35317,1289583121943,352,2610,1020)
(35318,1263846856215,256,1704,694)
(35319,1251062617623,256,832,660)
(35320,1259585443351,256,2808,916)
(35321,20942273222009,544,2884,1162)
(35322,28608789845369,616,3176,1216)
(35323,1257404421143,384,2388,926)
(35324,1244620182551,256,1544,784)
(35325,1248814994455,256,2076,866)
(35326,1244520551447,256,3512,942)
(35327,861180314911,256,1872,692)
(35328,4983274136863,256,2500,810)
(35329,4709469971743,256,2696,810)
(35330,876211660063,256,5192,822)
(35331,11159541417465,448,3428,1232)
(35332,6778674775545,448,2452,1052)
(35333,26535525385721,448,3516,1108)
(35334,11185178052089,448,2552,946)
(35335,24224295065081,448,3232,1196)
(35336,15445247694329,448,2954,1138)
(35337,28605161707001,448,3204,1172)
(35338,30804117853689,384,1856,846)
(35339,30795595027961,384,2556,1018)
(35340,30821231662585,384,1880,886)
(35341,1289583375895,256,2930,1056)
(35342,1259652298263,256,2432,952)
(35343,28638846293497,384,2172,968)
(35344,1259551896599,256,3428,1096)
(35345,4983307683615,256,3280,854)
(35346,876245206815,256,3936,898)
(35347,351317203161,352,3116,1052)
(35348,355578616025,384,1248,800)
(35349,381215250649,256,1448,716)
(35350,381314881753,448,3744,972)
(35351,387656915161,384,1728,752)
(35352,358774675673,384,2312,860)
(35353,384411310297,256,1504,736)
(35354,371558914265,352,2028,884)
(35355,388705753305,448,2272,924)
(35356,624259443937,256,768,696)
(35357,637043682529,384,1152,824)
(35358,624143043809,256,3600,742)
(35359,622012337377,256,1632,676)
(35360,2269110311833,256,2256,768)
(35361,355612166617,464,4220,1092)
(35362,381315783129,480,2720,980)
(35363,370610870521,384,2240,768)
(35364,387640920537,448,2176,832)
(35365,387757447641,384,2224,800)
(35366,387757320665,448,3512,964)
(35367,387690465753,384,1152,812)
(35368,388831058393,464,2600,1060)
(35369,403762780409,352,2376,904)
(35370,670296124897,352,1440,1004)
(35371,640248126689,256,1768,778)
(35372,625333181665,256,704,648)
(35373,638117420257,256,2520,890)
(35374,637026901697,384,2432,856)
(35375,622111960513,256,1120,672)
(35376,624142261441,256,2856,906)
(35377,622045105601,256,2592,880)
(35378,2475262938364,256,768,648)
(35379,370644421113,352,2200,980)
(35380,387758230009,448,3104,892)
(35381,413702104569,256,2640,560)
(35382,403863312889,384,1808,812)
(35383,670304509409,256,2256,1078)
(35384,638217952737,256,2448,910)
(35385,4674286066940,256,1440,616)
(35386,638100643265,256,2832,1002)
(35387,1237782236666,256,1600,544)
(35388,1650086514170,256,2736,700)
(35389,846450497961,256,256,624)
(35390,826131440839,256,1088,552)
(35391,826129344711,384,1736,660)
(35392,842642151817,256,576,612)
(35393,834052725129,384,576,726)
(35394,834169641865,256,512,816)
(35395,834169674569,256,512,676)
(35396,1658803394921,256,384,712)
(35397,826016897449,256,384,584)
(35398,413952890457,256,1824,680)
(35399,414003210073,256,2872,700)
(35400,826179660487,352,2268,804)
(35401,2475398866631,256,928,568)
(35402,2508819179207,256,1152,672)
(35403,2508550776519,256,1788,846)
(35404,6598707948231,256,576,684)
(35405,346039720409,256,384,560)
(35406,4674285674393,256,1632,512)
(35407,414011594585,256,2440,732)
(35408,876513171945,256,576,592)
(35409,867990346217,256,576,656)
(35410,1692492076465,256,384,656)
(35411,1375937337721,256,512,536)
(35412,344959699196,256,512,536)
(35413,413966374522,256,1856,652)
(35414,850695231945,352,1440,890)
(35415,876448259977,256,768,860)
(35416,859818891721,256,864,548)
(35417,842705082825,256,1136,814)
(35418,9072449542585,256,3168,616)
(35419,9072382941625,256,1024,800)
(35420,1654514719849,256,384,596)
(35421,1684445321321,256,576,862)
(35422,2508819571943,256,1632,624)
(35423,2508551169255,256,3114,786)
(35424,6598733113575,256,2088,684)
(35425,1186558318969,256,512,512)
(35426,1186558286265,256,768,648)
(35427,1237781261802,256,1632,512)
(35428,4674285689081,256,1408,512)
(35429,688042225130,256,2176,608)
(35430,1237798038906,256,864,560)
(35431,3300286174649,256,768,756)
(35432,413978957050,256,1632,684)
(35433,1650085539306,256,2664,676)
(35434,876580249065,256,384,480)
(35435,414003218041,256,3200,620)
(35436,413697975801,256,2400,576)
(35437,413939541497,256,1824,636)
(35438,876462939593,256,2990,1030)
(35439,876729277897,256,1968,810)
(35440,4674738525689,256,2552,816)
(35441,1688471837801,256,960,850)
(35442,4674286590457,256,1440,576)
(35443,4674572951161,256,2640,560)
(35444,430608326266,256,3728,724)
(35445,413978055801,256,2328,652)
(35446,414028369530,256,2344,652)
(35447,1651161651273,256,864,958)
(35448,2491771070183,256,1788,668)
(35449,2508551685863,256,3130,898)
(35450,6598766660327,256,1464,788)
(35451,2476724504351,256,2148,668)
(35452,6598701926175,256,1152,512)
(35453,4707622001145,256,1248,544)
(35454,4502268877305,256,3872,868)
(35455,209422716410,256,768,416)
(35456,10996865471993,256,2160,876)
(35457,209393815034,256,2112,592)
(35458,1260600339975,256,1680,812)
(35459,4707922003387,256,1152,650)
(35460,463957444027,256,2448,710)
(35461,692038274554,256,1184,496)
(35462,1409437445351,256,2652,710)
(35463,9075954068711,256,1008,520)
(35464,9897366564071,256,1152,628)
(35465,4707628194297,256,3036,766)
(35466,4502275070457,256,640,384)
(35467,10996869664249,256,1248,716)
(35468,361876266905,256,3712,736)
(35469,2492194723257,256,576,616)
(35470,361064782076,256,2832,616)
(35471,692037299690,256,1536,544)
(35472,1241793113466,256,864,568)
(35473,413165299193,256,1760,512)
(35474,4708427209209,256,4128,840)
(35475,692575079930,256,512,384)
(35476,1650623319546,256,576,512)
(35477,688551103994,256,1632,544)
(35478,20084399639785,576,1296,836)
(35479,3626051407081,384,1296,762)
(35480,11322616024809,384,576,696)
(35481,1282067043975,384,1008,668)
(35482,1274013996551,384,1512,914)
(35483,1248277730823,256,5916,868)
(35484,1244016317959,256,1296,692)
(35485,1252010659335,256,1200,778)
(35486,1276161472007,256,2160,910)
(35487,1277772084359,256,960,628)
(35488,1243982771207,256,3736,908)
(35489,10197468744953,544,2044,970)
(35490,3626168782073,256,1584,692)
(35491,20101663853817,384,1440,688)
(35492,15432899726713,384,864,746)
(35493,12147249745273,544,1728,956)
(35494,28592813739385,544,1944,984)
(35495,27497597078905,512,2376,1090)
(35496,28622744817017,256,576,608)
(35497,1282067306007,384,1664,842)
(35498,1264920466967,256,2424,778)
(35499,1252136228375,256,1296,716)
(35500,723803358383,256,2376,758)
(35501,4570957276475,256,4770,872)
(35502,4707859359035,256,1440,644)
(35503,463894799675,256,4972,830)
(35504,24224831933945,448,2364,894)
(35505,28605698575865,352,2952,1032)
(35506,30796131896825,384,2548,886)
(35507,30821768531449,256,864,584)
(35508,1282083821079,256,3600,956)
(35509,1277822408215,256,2160,700)
(35510,1284214527511,256,3258,940)
(35511,28638850422265,384,1800,846)
(35512,1277772092439,256,2580,874)
(35513,1252035826711,256,4164,992)
(35514,4707922257339,256,3596,818)
(35515,463957697979,256,4584,794)
(35516,351323491545,384,2068,872)
(35517,383401790681,384,1744,812)
(35518,1171477732761,256,864,766)
(35519,366355746041,448,2744,1004)
(35520,387763997945,384,1840,780)
(35521,390984830201,384,2144,848)
(35522,399507655929,448,3200,1012)
(35523,658216561889,384,1344,840)
(35524,632463527137,256,2224,862)
(35525,626071407841,256,1840,766)
(35526,403869601273,384,2016,780)
(35527,658224946401,256,3320,1010)
(35528,656094239969,256,1960,754)
(35529,659290299617,256,2972,970)
(35530,656069074625,256,2072,816)
(35531,626021080257,256,3588,998)
(35532,830016097785,256,640,384)
(35533,834102989225,256,384,672)
(35534,826429189319,384,1592,668)
(35535,9072732843719,256,1608,628)
(35536,4707846500039,256,3782,854)
(35537,9088713141959,256,1320,676)
(35538,13195775618759,256,2548,700)
(35539,851013898729,256,864,656)
(35540,884769659369,256,576,688)
(35541,842643151305,384,1152,738)
(35542,842759544713,256,1152,948)
(35543,842658946825,256,576,834)
(35544,9072724266361,256,2832,616)
(35545,842774224329,256,3132,1022)
(35546,863831826185,256,576,838)
(35547,4674738589177,256,1648,584)
(35548,859949964745,256,2520,962)
(35549,9072514537977,256,3200,800)
(35550,4707871665383,256,2904,800)
(35551,9088738307303,256,3138,862)
(35552,13195800784103,256,2704,700)
(35553,4707896692217,256,1968,656)
(35554,4502275165689,256,1320,676)
(35555,1254417964412,256,864,676)
(35556,4544362911228,256,512,384)
(35557,10996601166329,256,2328,788)
(35558,829807760801,256,384,596)
(35559,4676234022599,256,3176,788)
(35560,415563881817,256,768,700)
(35561,417710972505,256,1440,728)
(35562,9074330873543,256,4282,884)
(35563,1376830856601,256,1264,528)
(35564,4708377112263,256,3650,822)
(35565,362950106585,256,3640,760)
(35566,859870434785,256,576,636)
(35567,834169772513,256,576,572)
(35568,827610798529,384,1296,834)
(35569,834052266817,256,1152,816)
(35570,1658685987169,256,384,814)
(35571,348455050489,256,1552,528)
(35572,346324344057,256,1152,600)
(35573,345250733305,256,3712,704)
(35574,859937480161,256,864,620)
(35575,1686049627553,256,576,794)
(35576,4468128160252,256,1728,584)
(35577,4537133997690,256,4424,692)
(35578,831367912833,256,3494,982)
(35579,859819974465,256,1728,808)
(35580,1652235163745,256,864,986)
(35581,1654397312097,256,1440,694)
(35582,4708427304441,256,1648,584)
(35583,1392662224121,256,1152,528)
(35584,623857765881,256,1888,528)
(35585,1654382647337,256,864,926)
(35586,6632524517095,256,1920,750)
(35587,13203822415591,256,3726,750)
(35588,1650623385081,256,2232,680)
(35589,6632513837561,256,960,616)
(35590,6632509708793,256,1296,798)
(35591,4674585533689,256,2448,560)
(35592,4537146580218,256,4032,724)
(35593,5498919394556,256,768,616)
(35594,345251253753,256,2448,560)
(35595,9074343259847,256,3456,872)
(35596,4676170915289,256,1296,734)
(35597,834102727137,256,864,692)
(35598,209422261497,256,576,536)
(35599,842759675361,256,1296,660)
(35600,829757300481,256,1872,898)
(35601,1652260314401,256,864,874)
(35602,4708433497593,256,1296,644)
(35603,2285210114556,256,864,644)
(35604,209422781945,256,864,464)
(35605,1257437761315,384,1296,768)
(35606,1272941154083,352,1548,912)
(35607,1247304519459,256,384,624)
(35608,1280993234723,352,1548,928)
(35609,1274551766435,256,256,548)
(35610,1248915131811,256,256,560)
(35611,1248814533923,384,1624,964)
(35612,1274550799651,256,512,712)
(35613,1244553121059,256,1120,698)
(35614,1247304525219,256,384,628)
(35615,1289583111587,256,480,752)
(35616,1255793798435,352,5100,1112)
(35617,1243009559843,256,576,632)
(35618,1276698275107,256,1776,848)
(35619,6760874149229,256,480,744)
(35620,19946424796525,384,512,624)
(35621,6756612736365,512,1620,1104)
(35622,18846946723181,544,1152,892)
(35623,6773726545261,352,640,720)
(35624,3488076563821,536,2148,1036)
(35625,2908439479661,548,2788,1346)
(35626,18284423447917,352,1152,784)
(35627,5672117765485,492,2600,1178)
(35628,1813222819181,352,2292,1200)
(35629,1838859453805,448,2736,1086)
(35630,22145480574317,384,384,600)
(35631,19946457826669,560,1392,932)
(35632,6786610414957,528,1620,1028)
(35633,19963571635565,512,864,800)
(35634,18288717890925,592,1728,1028)
(35635,5687149110637,544,2384,1160)
(35636,6773776090477,508,1800,1198)
(35637,3488126109037,576,2228,1246)
(35638,5678559429997,528,1600,978)
(35639,18864110077293,512,1088,920)
(35640,9526784329069,472,1304,996)
(35641,22162643928429,592,1632,948)
(35642,11184640410989,576,2292,1088)
(35643,26560624379245,256,256,520)
(35644,19963621180781,448,960,820)
(35645,11176050984301,352,1080,884)
(35646,19946574743405,448,1464,916)
(35647,6786660730733,448,1692,1008)
(35648,22162644698989,448,1632,808)
(35649,11184641181549,448,2220,888)
(35650,1289583890227,352,1548,828)
(35651,1263947255603,384,1248,864)
(35652,1289700290355,256,384,540)
(35653,3900505625965,256,480,690)
(35654,1263880406451,352,960,776)
(35655,7733763937645,488,1872,1084)
(35656,10471805588845,488,2266,1272)
(35657,24192112170349,536,2922,1350)
(35658,15400280561005,384,2120,990)
(35659,20925756249453,512,1896,1048)
(35660,14337142199661,528,1904,1060)
(35661,28592272872813,580,2856,1234)
(35662,30791229019501,544,2856,1226)
(35663,28622203950445,256,576,616)
(35664,1263846853939,352,3246,1088)
(35665,1289583119667,256,1440,952)
(35666,1276699249971,256,1912,808)
(35667,1251062615347,256,1216,704)
(35668,22575023445357,448,960,816)
(35669,26955890087277,352,1152,912)
(35670,30789148398957,384,1088,768)
(35671,30821226698093,256,384,568)
(35672,1289583373619,256,2198,940)
(35673,1259652295987,256,1680,764)
(35674,344987052685,256,576,630)
(35675,345086683789,256,1152,632)
(35676,2269232048013,256,576,552)
(35677,344984988301,256,864,682)
(35678,689917580397,256,576,730)
(35679,345143323533,256,720,852)
(35680,2269240432525,256,384,544)
(35681,8866291334029,256,1776,668)
(35682,692064801901,256,864,666)
(35683,1241796355443,256,1216,624)
(35684,4537134146931,256,3448,784)
(35685,354774223283,408,1480,868)
(35686,350512810419,256,480,620)
(35687,356954474931,408,1488,868)
(35688,382591109555,416,672,696)
(35689,386952153523,448,1008,736)
(35690,386885552563,256,384,480)
(35691,369839115187,256,720,620)
(35692,386952924083,384,768,520)
(35693,631834347947,352,640,616)
(35694,631676012715,384,832,648)
(35695,631775643819,256,256,400)
(35696,345112651187,352,640,616)
(35697,207057716659,384,864,648)
(35698,207174633395,256,384,400)
(35699,1169779010157,256,384,504)
(35700,692040549741,256,1056,604)
(35701,4538207757677,256,3204,758)
(35702,345110555309,352,960,848)
(35703,1169779140973,256,384,560)
(35704,631675230347,352,960,776)
(35705,631775762827,256,1776,752)
(35706,625391901067,256,384,512)
(35707,8866191583917,256,576,628)
(35708,8866191714733,256,1216,560)
(35709,692065703277,256,576,686)
(35710,4538207884653,256,2696,684)
(35711,4540355360109,256,576,642)
(35712,631775632011,256,384,628)
(35713,625333196939,256,384,480)
(35714,4468313729965,256,1680,588)
(35715,4538208655213,256,2712,696)
(35716,692096931693,256,2304,624)
(35717,623379552109,256,1456,576)
(35718,1277763628323,256,1776,928)
(35719,653145880787,256,1680,768)
(35720,831156555403,256,2280,676)
(35721,1276689886755,256,2224,802)
(35722,1244511185955,256,2140,846)
(35723,827960626571,256,576,616)
(35724,4983273678251,256,1440,720)
(35725,4709469513131,256,1488,764)
(35726,876211201451,256,1728,536)
(35727,863360159627,256,864,604)
(35728,1684772654987,256,640,588)
(35729,430058878797,256,1024,448)
(35730,1650949787531,256,384,464)
(35731,829537292171,256,576,432)
(35732,422002136670,256,384,384)
(35733,1654171012461,256,576,528)
(35734,1409307555027,256,576,536)
(35735,2478760700115,256,864,568)
(35736,3300980626643,256,576,694)
(35737,430591555405,256,2952,644)
(35738,414078580557,256,960,536)
(35739,3300166897547,256,2364,724)
(35740,1392192591091,256,384,520)
(35741,2478886267123,256,576,520)
(35742,3301106193651,256,576,650)
(35743,2476623695755,256,768,624)
(35744,2491404160435,256,768,496)
(35745,2491404096947,256,384,384)
(35746,2338098615902,256,1296,604)
(35747,1650282666219,256,384,536)
(35748,414011987550,256,1392,520)
(35749,1383669733619,256,1216,560)
(35750,2478886394099,256,384,432)
(35751,3300032582893,256,2280,644)
(35752,2753649085805,256,864,642)
(35753,3303388122477,256,864,684)
(35754,1392259446003,256,864,588)
(35755,2478819412211,256,1240,616)
(35756,833831946155,256,768,472)
(35757,3299907798253,256,576,714)
(35758,833781618571,256,2576,640)
(35759,1271598881139,256,768,552)
(35760,1203684710643,256,640,520)
(35761,9347227916699,256,576,584)
(35762,1282058587939,448,1440,884)
(35763,1289046109987,384,1572,960)
(35764,1290656722339,384,512,652)
(35765,1274014248227,384,1120,762)
(35766,1256867409187,448,5464,1060)
(35767,1244083170595,256,864,852)
(35768,1290673499443,256,2724,956)
(35769,1277889260851,256,1456,848)
(35770,1292804205875,256,2692,920)
(35771,689988605133,384,1056,738)
(35772,378251589837,256,2616,796)
(35773,653179439347,256,2816,708)
(35774,378326690029,256,1152,744)
(35775,1658532826989,256,576,432)
(35776,827901731979,256,384,674)
(35777,860105788587,256,864,540)
(35778,830107657611,256,1424,644)
(35779,1248806145571,384,1312,900)
(35780,1274542411299,256,512,664)
(35781,1244544732707,256,800,614)
(35782,831156110987,256,864,760)
(35783,1289582980771,256,384,600)
(35784,1272940506659,352,1620,1072)
(35785,1255793667619,256,1968,778)
(35786,1243009429027,256,864,858)
(35787,860105336203,256,2136,742)
(35788,1274551119011,256,384,548)
(35789,1257404279971,256,576,544)
(35790,1244620041379,256,576,604)
(35791,831156491915,256,2720,564)
(35792,861154170507,256,1536,856)
(35793,827960182155,256,384,630)
(35794,861179073931,256,1888,690)
(35795,861178946955,256,2360,782)
(35796,861179856299,256,576,604)
(35797,2784250676651,256,864,738)
(35798,2510446511531,256,2136,738)
(35799,867621520811,256,384,564)
(35800,827960436107,256,384,674)
(35801,861179137419,256,960,648)
(35802,4983273868715,256,384,432)
(35803,4709469703595,256,960,630)
(35804,876211391915,256,640,540)
(35805,827935278731,256,576,820)
(35806,861154174347,256,1536,832)
(35807,861212886443,256,864,676)
(35808,2510421608107,256,1152,810)
(35809,2784225773227,256,576,588)
(35810,867596617387,256,864,700)
(35811,863302166411,256,1552,730)
(35812,863360096139,256,1440,810)
(35813,830208249739,256,768,620)
(35814,1410910496651,256,976,700)
(35815,418860218955,256,768,560)
(35816,1684177856395,256,384,504)
(35817,1654707698251,256,576,520)
(35818,692664384075,256,1824,764)
(35819,1410968426379,256,1904,724)
(35820,1684772591499,256,768,656)
(35821,1289599757875,256,1392,750)
(35822,1276815519283,256,1392,750)
(35823,1242403420747,256,1656,672)
(35824,1276698602547,256,2472,908)
(35825,1259551763507,256,2236,810)
(35826,1654237863533,256,1440,588)
(35827,1651016642443,256,2016,600)
(35828,1377212477323,256,1632,584)
(35829,829604147083,256,1584,624)
(35830,430592530142,256,576,400)
(35831,1654237867373,256,4296,758)
(35832,1379359960691,256,2888,712)
(35833,413953275469,256,832,480)
(35834,829503741523,256,1824,680)
(35835,1654112296531,256,2760,600)
(35836,826006652109,256,3392,764)
(35837,1379242778195,256,3120,656)
(35838,2475539867859,256,1584,740)
(35839,415027533645,256,576,632)
(35840,623854694291,256,1440,496)
(35841,1171463024531,256,2436,608)
(35842,1173610507955,256,2144,616)
(35843,1650620313491,256,512,416)
(35844,1654120684877,256,1680,758)
(35845,4952672083565,256,864,666)
(35846,5502411120237,256,4706,744)
(35847,208885390942,256,576,544)
(35848,208868613838,256,5704,680)
(35849,207811780190,256,864,480)
(35850,829504523891,256,384,548)
(35851,1654113078899,256,768,588)
(35852,5499189899147,256,2448,680)
(35853,1379243560563,256,1216,604)
(35854,4952646922123,256,1440,624)
(35855,4677777403787,256,384,432)
(35856,4537122330334,256,1920,564)
(35857,2475650361054,256,3420,564)
(35858,421586446046,256,1216,416)
(35859,414079555294,256,768,456)
(35860,414128973534,256,1152,456)
(35861,1651990760813,256,576,754)
(35862,4952672087405,256,1440,686)
(35863,5502411124077,256,3784,710)
(35864,2491645764851,256,384,432)
(35865,2508817090803,256,1296,666)
(35866,6599781566701,256,864,666)
(35867,3301357817709,256,3112,708)
(35868,5500313964397,256,1440,528)
(35869,6599792037741,256,3864,696)
(35870,4677794180723,256,384,472)
(35871,5502402735731,256,2984,712)
(35872,417790797579,256,1248,740)
(35873,1290648333987,256,384,648)
(35874,1256859020835,448,3336,980)
(35875,723739989771,256,1968,748)
(35876,689984673547,256,576,770)
(35877,723740185995,256,1968,676)
(35878,861242232235,256,864,636)
(35879,4570957014799,256,2520,690)
(35880,4707859097359,256,576,564)
(35881,463894537999,256,1824,636)
(35882,725921208203,256,1872,810)
(35883,417891395467,256,768,716)
(35884,1273529538443,256,1248,740)
(35885,1684235786123,256,384,520)
(35886,1292795817523,256,1392,810)
(35887,1260617116723,256,2520,896)
(35888,1652558106453,256,512,464)
(35889,1655779331507,256,384,472)
(35890,827427556557,256,2528,820)
(35891,1409370459379,256,960,672)
(35892,9080148495603,256,1440,552)
(35893,9898096528627,256,864,738)
(35894,2286015421150,256,576,416)
(35895,211552481171,256,1088,448)
(35896,211569258163,256,384,488)
(35897,1654647004813,256,3480,552)
(35898,1654647016621,256,6926,716)
(35899,346319888078,256,1184,528)
(35900,348467371614,256,576,564)
(35901,1655721008307,256,384,524)
(35902,413697580638,256,512,416)
(35903,4953181638317,256,2784,724)
(35904,5500789968557,256,1152,608)
(35905,1667531656877,256,2000,600)
(35906,1670752870061,256,1152,584)
(35907,2354204284638,256,1728,654)
(35908,5504011185587,256,1872,624)
(35909,4537180133086,256,3024,564)
(35910,6598431021790,256,576,400)
(35911,5502937444013,256,7322,712)
(35912,1256900955939,448,1728,864)
(35913,1274014764835,384,768,726)
(35914,1248378130211,256,576,710)
(35915,1290656653091,384,1920,746)
(35916,1289046236963,352,1548,916)
(35917,1248378262947,256,512,656)
(35918,1256901088675,256,256,660)
(35919,1290656849315,256,256,480)
(35920,1256867536163,384,3764,926)
(35921,1244083297571,256,2456,740)
(35922,1277772012835,256,3824,846)
(35923,1264895233827,256,960,750)
(35924,1280456429347,256,864,666)
(35925,1282067041699,256,384,588)
(35926,1248277728547,256,3056,810)
(35927,1274013994275,256,768,760)
(35928,1244016315683,256,1296,796)
(35929,1252010593571,256,1120,894)
(35930,1289046242723,256,576,720)
(35931,1276161469731,256,1296,898)
(35932,1290707046195,448,960,786)
(35933,1282184220467,448,960,786)
(35934,1290774028083,256,576,608)
(35935,1263410386739,384,1248,864)
(35936,1289047021363,352,1548,828)
(35937,1297099165491,384,1428,872)
(35938,1265020999091,448,960,724)
(35939,1290657633715,384,1248,644)
(35940,1282067303731,384,1056,738)
(35941,1264920464691,448,3414,1024)
(35942,1290656730419,384,1536,824)
(35943,1260659051827,256,2520,872)
(35944,1277772860723,256,1344,802)
(35945,1252136226099,256,1056,906)
(35946,1290657111347,256,4500,918)
(35947,1260726033715,256,3992,918)
(35948,1297099298227,352,1080,776)
(35949,1289046250803,256,1200,852)
(35950,1263309985075,352,6556,1088)
(35951,1250525746483,256,864,768)
(35952,1259048572211,256,864,918)
(35953,1292804332851,256,4736,1032)
(35954,1289163421491,256,384,540)
(35955,1290774033843,256,576,528)
(35956,1282083818803,256,2300,970)
(35957,1277822405939,256,1864,862)
(35958,1289046504755,256,864,986)
(35959,1259115427123,256,1296,874)
(35960,1284214525235,256,1680,966)
(35961,344999667917,256,1056,728)
(35962,689972090061,256,1392,742)
(35963,690089006797,256,384,528)
(35964,378252110285,256,1712,664)
(35965,653179427539,256,864,672)
(35966,690089010637,256,1592,674)
(35967,378252106445,256,2688,748)
(35968,653179431379,256,2672,788)
(35969,345149614797,256,1620,820)
(35970,378301524685,256,1728,856)
(35971,689989387501,448,960,790)
(35972,690089399533,384,576,702)
(35973,378252118253,256,1968,652)
(35974,653146790131,256,1600,720)
(35975,653179820275,256,864,660)
(35976,653179693299,256,2788,788)
(35977,653180209907,256,2496,744)
(35978,345174780141,352,1080,848)
(35979,378268887277,256,1792,688)
(35980,378301917421,256,3744,848)
(35981,378427222509,256,3076,828)
(35982,690089919981,256,576,576)
(35983,653180340723,256,2692,736)
(35984,378302434029,256,3264,808)
(35985,378427218669,256,3608,836)
(35986,1257437826723,256,384,520)
(35987,1274551635619,256,256,516)
(35988,1248915000995,256,384,628)
(35989,1257404210723,256,1456,760)
(35990,1274551049763,256,768,680)
(35991,1244619972131,256,1200,634)
(35992,1247304521379,256,256,568)
(35993,1255827347107,256,864,756)
(35994,1289583107747,256,480,724)
(35995,1255793794595,256,3464,884)
(35996,1243009556003,256,864,724)
(35997,1276698271267,256,1976,932)
(35998,860105794703,256,2376,734)
(35999,1257404406947,256,576,548)
