(54000,413947930511,256,576,416)
(54001,413964445583,256,384,352)
(54002,413964707447,256,768,432)
(54003,1237941230891,256,576,512)
(54004,1237911885099,256,1312,680)
(54005,4536337589803,256,1152,748)
(54006,1237974783403,256,1344,568)
(54007,4536400488107,256,2412,768)
(54008,4570156248747,256,5400,830)
(54009,13195532836251,256,576,596)
(54010,4536467089067,256,1488,644)
(54011,4570126902955,256,2816,802)
(54012,4570155804331,256,1152,660)
(54013,13194966619563,256,2080,700)
(54014,3322180446311,256,1392,962)
(54015,1237991560507,384,2080,680)
(54016,4536467482159,256,1440,580)
(54017,4570152068655,256,2656,794)
(54018,4570156197423,256,1152,628)
(54019,13196598201519,256,2064,652)
(54020,1277891357806,256,2596,1048)
(54021,1290675596398,256,1296,974)
(54022,1292806302830,256,2376,1012)
(54023,4570214966959,256,3000,776)
(54024,4570157164207,256,4386,854)
(54025,13195533618619,256,2176,704)
(54026,1239585396111,384,1136,536)
(54027,417090643611,384,3624,798)
(54028,1239572617003,384,864,656)
(54029,1237966202667,256,2808,756)
(54030,5498468509483,256,2384,756)
(54031,5498535554859,256,1120,612)
(54032,4540153931563,256,2872,676)
(54033,4540220976939,256,5956,780)
(54034,4536396293931,256,2656,688)
(54035,5498569107371,256,2412,772)
(54036,4540254529451,256,2736,842)
(54037,4536525793195,256,2748,776)
(54038,4570189735851,256,640,480)
(54039,4570152576939,256,3624,764)
(54040,13195553679259,256,2416,656)
(54041,1237904271147,256,2820,800)
(54042,5498443736875,256,960,576)
(54043,5499047655067,256,576,488)
(54044,4540129158955,256,3976,672)
(54045,4540196204331,256,5668,774)
(54046,1237962073899,256,2604,728)
(54047,5499072427675,256,1184,576)
(54048,4540225105707,256,2640,532)
(54049,4536467468075,256,640,484)
(54050,4570152054571,256,4218,740)
(54051,4570156183339,256,2544,532)
(54052,13196598193551,256,960,556)
(54053,5499105978267,256,2660,748)
(54054,5499048175515,256,2728,796)
(54055,4540258658219,256,864,652)
(54056,4540196726699,256,2592,830)
(54057,4536501020587,256,2644,720)
(54058,4570214508459,256,1488,624)
(54059,4570127804331,256,4032,802)
(54060,13195495876507,256,3108,760)
(54061,6631735895979,256,3228,756)
(54062,6631711123371,256,2720,730)
(54063,13203011086251,256,1728,520)
(54064,4536467990443,256,2256,716)
(54065,4570185607083,256,2424,688)
(54066,4570156705707,256,864,564)
(54067,13195016808363,256,2112,688)
(54068,1282186317422,448,1440,1026)
(54069,1290709143150,384,864,892)
(54070,1297101262446,448,1440,1008)
(54071,1290776125038,384,1200,770)
(54072,1282198899950,256,384,676)
(54073,1282069400686,448,1248,786)
(54074,1237974795567,448,1536,700)
(54075,1290658827374,256,768,744)
(54076,1264922561646,256,1296,1010)
(54077,1260661148782,384,1152,920)
(54078,1252138323054,256,1680,1052)
(54079,1277774957678,256,928,820)
(54080,3335598549095,384,768,788)
(54081,4536400496187,384,1904,720)
(54082,3318451710055,256,1584,892)
(54083,3305667471463,256,576,902)
(54084,4570156256827,256,2564,886)
(54085,13195532850335,256,864,596)
(54086,1290788707566,256,256,400)
(54087,1290688109678,256,2376,838)
(54088,3337745770599,256,864,940)
(54089,4570189809339,256,2740,818)
(54090,4570156779195,256,3716,918)
(54091,13195566400927,256,2984,700)
(54092,1280575710830,384,1296,806)
(54093,3339343800423,256,960,908)
(54094,1282186323182,256,640,660)
(54095,1282186450158,256,1088,764)
(54096,1297101395182,256,992,756)
(54097,1280458794094,384,1200,722)
(54098,1237991564591,384,1456,636)
(54099,1289048220782,384,1296,748)
(54100,1263311955054,256,2712,962)
(54101,1259050542190,256,2160,794)
(54102,1250527716462,256,1152,928)
(54103,4536467478075,256,1648,640)
(54104,4570152199471,256,3610,892)
(54105,4570156193339,256,1320,652)
(54106,13196598203551,256,2460,704)
(54107,1277891484782,256,3208,918)
(54108,1290675723374,256,1440,734)
(54109,1292806429806,256,2912,882)
(54110,4570215097775,256,3096,796)
(54111,4570157160123,256,3120,818)
(54112,13194996753839,256,2976,652)
(54113,1297151722878,384,2088,710)
(54114,3352257800311,256,2832,752)
(54115,3339473561719,256,1984,764)
(54116,3354388506743,256,3470,838)
(54117,4536525932335,256,2152,672)
(54118,4570189743931,256,1440,608)
(54119,4570152716079,256,4456,900)
(54120,13196627559855,256,2792,760)
(54121,1297222771966,384,1008,580)
(54122,1281046119550,384,1392,698)
(54123,1237967177531,384,1792,620)
(54124,1281112720510,256,1152,890)
(54125,1251115041918,256,3216,990)
(54126,1281112974462,256,2316,876)
(54127,1263899280510,256,1296,912)
(54128,1276751676542,256,2048,900)
(54129,1281013089406,256,1296,842)
(54130,4570215092015,256,1680,736)
(54131,4570157158203,256,1152,680)
(54132,13196594783663,256,960,556)
(54133,1297122364542,256,2432,1036)
(54134,1281142066302,256,2344,1018)
(54135,1289664892030,256,1680,1000)
(54136,4536501028667,256,2320,740)
(54137,4570214647599,256,864,520)
(54138,4570127812411,256,3344,738)
(54139,13196578014639,256,2416,656)
(54140,4536467998523,256,1344,688)
(54141,4570185746223,256,1680,758)
(54142,4570156713787,256,576,564)
(54143,13196640011679,256,1328,688)
(54144,1297118045310,256,1944,902)
(54145,1284333806718,256,3380,942)
(54146,4536526186287,256,2080,592)
(54147,4570214901551,256,1488,592)
(54148,4570152970031,256,5014,836)
(54149,13196607360431,256,3096,652)
(54150,208784463571,256,768,472)
(54151,208721557187,448,1344,696)
(54152,621038219075,256,960,568)
(54153,8867241471811,448,2688,852)
(54154,208734133955,256,832,512)
(54155,208621934163,352,2016,756)
(54156,208654964307,384,768,648)
(54157,208721565267,448,1584,680)
(54158,208750720595,448,1440,752)
(54159,208634516691,448,1808,696)
(54160,208734147795,256,992,512)
(54161,208784461651,448,1344,696)
(54162,208750911059,448,1504,680)
(54163,208784398163,384,1440,616)
(54164,208721491779,384,1440,696)
(54165,208734068547,384,1472,656)
(54166,621038346051,256,1728,708)
(54167,4469211602755,256,1968,836)
(54168,208667481427,384,1376,632)
(54169,208780269395,448,1952,792)
(54170,208722466643,448,1784,816)
(54171,208735049171,384,1424,648)
(54172,346060695123,360,1536,862)
(54173,346160326227,256,384,440)
(54174,346060822099,416,2320,760)
(54175,346093852243,256,512,480)
(54176,346160453203,384,864,584)
(54177,346219030355,416,1536,720)
(54178,620938597971,256,576,734)
(54179,621038229075,256,384,568)
(54180,4469228254803,352,3408,898)
(54181,346069210451,384,960,628)
(54182,346219157331,384,832,584)
(54183,8867242383187,384,3072,804)
(54184,620971758931,256,1200,654)
(54185,621096933203,384,1024,708)
(54186,4469261932371,256,2352,660)
(54187,4469328787283,256,2160,732)
(54188,8882273728339,256,3800,768)
(54189,4501406967411,256,960,710)
(54190,208751693427,416,1152,720)
(54191,208785245939,256,512,440)
(54192,346219220819,448,1440,680)
(54193,8867242446675,448,3088,884)
(54194,346223349587,448,2176,712)
(54195,346161418067,448,1952,784)
(54196,621101125459,384,1024,708)
(54197,4469261995859,256,2544,772)
(54198,1177102487213,256,384,464)
(54199,346219222739,448,2112,696)
(54200,8867242448595,256,3024,684)
(54201,346185670227,352,1600,776)
(54202,8867241926227,384,1280,756)
(54203,621097129427,256,2400,826)
(54204,4469274514899,256,2544,644)
(54205,8867367231315,256,3600,844)
(54206,4469291159155,352,2928,906)
(54207,8867242839411,448,3408,864)
(54208,4469387562867,256,2288,676)
(54209,4501465863923,256,2160,668)
(54210,346060885587,448,2240,872)
(54211,346093915731,384,768,648)
(54212,346160516691,384,1648,648)
(54213,346223224531,384,1440,632)
(54214,346073404627,448,1264,740)
(54215,346106434771,256,768,488)
(54216,346173035731,256,576,540)
(54217,346223351507,256,1184,496)
(54218,346161419987,448,2032,696)
(54219,620938792275,256,2192,766)
(54220,620971822419,256,1536,668)
(54221,621038423379,256,1952,686)
(54222,621101127379,256,512,484)
(54223,4469261997779,256,2504,688)
(54224,4469328852691,256,2208,644)
(54225,8882273791827,256,3824,788)
(54226,346189798995,448,1776,704)
(54227,346160897619,384,1152,664)
(54228,621067574867,256,576,722)
(54229,4469228445267,256,3264,892)
(54230,346231739859,256,768,540)
(54231,621101258195,256,1392,622)
(54232,4469270386131,256,2224,788)
(54233,8867371360083,256,3300,772)
(54234,8882282176339,256,2352,742)
(54235,621039326675,256,2372,806)
(54236,4469328977747,256,3652,852)
(54237,208751629939,448,2112,848)
(54238,208747501171,352,1536,740)
(54239,208785180531,384,1584,632)
(54240,208722728563,448,1944,848)
(54241,4469229227635,256,3264,862)
(54242,4469262257779,256,2256,746)
(54243,4469328858739,256,2472,692)
(54244,4501407094387,256,3064,728)
(54245,4501432120947,256,2320,766)
(54246,208784854387,448,1904,784)
(54247,208784856307,448,1584,680)
(54248,208809628915,448,1344,712)
(54249,621064359283,448,1296,846)
(54250,621064361203,256,576,648)
(54251,4469291291891,256,1088,660)
(54252,8867304770931,384,2080,764)
(54253,8867304772851,256,576,500)
(54254,8867371373811,256,3450,720)
(54255,4501415546227,256,2352,622)
(54256,4469391691635,256,3072,772)
(54257,4501465862003,256,576,520)
(54258,621126290803,448,1296,822)
(54259,4469262388595,256,768,736)
(54260,4469328989555,256,4518,796)
(54261,4469329760115,256,3216,736)
(54262,4501408059251,256,3504,752)
(54263,208751303795,384,1648,648)
(54264,621063838835,384,864,718)
(54265,4469358141043,256,3572,884)
(54266,4501432311411,256,2160,728)
(54267,4469329239667,256,3364,854)
(54268,4501407538803,256,1440,684)
(54269,413946650451,256,768,580)
(54270,2285203925485,256,704,464)
(54271,413946662259,256,576,574)
(54272,413996978035,256,1056,472)
(54273,1185692167853,256,1152,528)
(54274,413963427443,256,576,500)
(54275,1185692298669,256,384,432)
(54276,346073468115,448,2204,820)
(54277,346223414995,384,1712,616)
(54278,346231803347,384,1312,660)
(54279,621101321683,256,2240,742)
(54280,4469241027795,256,3288,860)
(54281,8867371425491,256,2568,628)
(54282,4501419728595,256,2520,760)
(54283,208780662131,448,2172,824)
(54284,208809563507,384,2528,712)
(54285,621064295795,384,864,758)
(54286,4469287097715,256,3868,764)
(54287,8867300578675,384,3216,764)
(54288,4469391757043,256,2568,644)
(54289,4501465798515,256,3624,668)
(54290,8867367624051,256,3378,832)
(54291,4469354143091,256,5058,860)
(54292,8867430077939,256,3726,748)
(54293,4501444828531,256,4180,712)
(54294,1185692396781,256,672,432)
(54295,1185704681133,256,384,464)
(54296,2285216307949,256,1216,432)
(54297,344946190829,256,768,500)
(54298,208654968391,384,512,648)
(54299,208721569351,256,384,472)
(54300,620938602055,256,1392,702)
(54301,208634515015,384,1312,680)
(54302,208734146119,256,512,512)
(54303,208784467655,448,1344,680)
(54304,208751699543,448,1680,752)
(54305,208735049415,384,1248,648)
(54306,1177110875815,256,576,520)
(54307,208750851655,448,2368,816)
(54308,8867241866823,384,960,660)
(54309,621097129671,256,2064,804)
(54310,4469270384455,256,2288,756)
(54311,208634451527,384,1448,728)
(54312,208630322759,384,1024,632)
(54313,208734082631,384,2000,648)
(54314,208746722887,448,2080,792)
(54315,208721950279,384,1024,616)
(54316,620938792519,256,1856,794)
(54317,621038423623,256,1376,608)
(54318,621063386695,256,1248,620)
(54319,4469228385863,256,2288,828)
(54320,208735047495,384,1408,656)
(54321,620947180871,256,2520,878)
(54322,620980211015,256,1312,656)
(54323,621097127751,256,1632,692)
(54324,4469274513223,256,3056,876)
(54325,8867371366087,256,2904,852)
(54326,4501415538503,256,3092,862)
(54327,621039324999,256,1728,740)
(54328,4469328981831,256,2368,796)
(54329,208751826519,448,2160,816)
(54330,208784856663,384,1152,616)
(54331,208809629271,448,2048,792)
(54332,208785377111,384,1632,696)
(54333,413946654535,256,960,448)
(54334,1185700687271,256,2640,560)
(54335,1185700556455,256,1152,544)
(54336,208730855239,384,1824,696)
(54337,620947117383,256,2856,846)
(54338,621097064263,256,1904,716)
(54339,4469274578631,256,2376,868)
(54340,8867367171911,256,1440,716)
(54341,4501415475015,256,2376,860)
(54342,208760214871,384,1776,696)
(54343,1185700785383,256,960,512)
(54344,1185704685223,256,576,496)
(54345,207182415159,352,1104,672)
(54346,207149385015,448,992,600)
(54347,207199700791,256,576,416)
(54348,207198930231,384,992,568)
(54349,4469291165271,352,1440,790)
(54350,8867242841687,384,1056,660)
(54351,4469291292247,256,1088,660)
(54352,8867300644439,384,2320,720)
(54353,8867267614295,256,2320,732)
(54354,8867367245399,256,3312,804)
(54355,4469358147159,256,3000,884)
(54356,8882332510039,256,2940,824)
(54357,4469299680599,256,3696,748)
(54358,8867368146775,256,3900,860)
(54359,8867242853495,256,864,540)
(54360,619516560823,256,768,480)
(54361,8865640400183,256,576,440)
(54362,8865690715959,256,1728,576)
(54363,8865756800311,256,2256,732)
(54364,8865657169207,256,2528,716)
(54365,346223617623,448,2016,848)
(54366,346248390231,352,960,740)
(54367,4469262263895,256,1984,802)
(54368,4469328864855,256,576,484)
(54369,8882273805911,256,1152,640)
(54370,346186585687,352,2080,776)
(54371,346219615831,384,1632,664)
(54372,346248517207,448,1440,704)
(54373,346220136279,384,1440,648)
(54374,621064361559,256,576,704)
(54375,621097391703,256,960,818)
(54376,4469287163479,256,3768,876)
(54377,8867304773207,256,576,480)
(54378,8867271743063,256,2080,774)
(54379,8867371374167,256,2952,732)
(54380,8882282190423,256,2472,742)
(54381,621097912151,384,896,676)
(54382,4469354018391,256,3056,860)
(54383,8882336638807,256,2160,768)
(54384,621126293079,256,864,752)
(54385,4469229360727,256,2656,792)
(54386,4469328991831,256,2736,748)
(54387,4469329245783,256,2336,788)
(54388,8882274707287,256,1152,620)
(54389,621097522519,256,2764,842)
(54390,621126423895,256,1896,722)
(54391,4469270779223,256,1536,760)
(54392,4469387695959,256,3940,844)
(54393,8867430078295,256,3576,752)
(54394,8882345023319,256,3626,752)
(54395,648649311327,352,1224,672)
(54396,674385577055,448,1296,600)
(54397,208685237367,352,2768,768)
(54398,208784868471,448,2040,696)
(54399,665862751327,256,384,416)
(54400,665763120223,384,1088,568)
(54401,208810411639,384,1280,632)
(54402,632006575183,352,3168,720)
(54403,657742840911,448,2160,660)
(54404,620997772407,352,1080,792)
(54405,621064373367,448,1296,726)
(54406,4469291304055,256,1088,520)
(54407,654518650447,256,384,536)
(54408,654589380175,256,384,432)
(54409,632581080143,256,576,440)
(54410,654522008655,256,960,576)
(54411,624587572815,384,512,520)
(54412,640567871055,256,576,632)
(54413,632514479183,256,3108,732)
(54414,624590931023,256,1648,716)
(54415,4469292074615,256,3400,822)
(54416,4469391705719,256,3072,796)
(54417,4501465876087,256,2112,668)
(54418,4501433099895,256,2760,766)
(54419,4501408073335,256,1440,640)
(54420,1658262333327,256,576,400)
(54421,4501495031415,256,1440,650)
(54422,207706703415,352,912,672)
(54423,207704607287,448,672,600)
(54424,207705129655,256,576,416)
(54425,207705162359,384,768,568)
(54426,1169243014967,256,864,440)
(54427,1169126098231,256,1552,576)
(54428,1169242498359,256,1632,732)
(54429,1169209468215,256,2348,716)
(54430,1185700689303,256,960,480)
(54431,413946664535,256,384,448)
(54432,413963433559,256,768,416)
(54433,1185700558487,256,576,432)
(54434,1169777789623,256,576,440)
(54435,1169777273015,256,864,560)
(54436,1169779369143,256,2088,676)
(54437,1169777304759,256,1008,580)
(54438,653176374711,256,2208,640)
(54439,413996992119,256,384,352)
(54440,413964215927,256,384,352)
(54441,1185700570295,256,1248,464)
(54442,1177111143607,256,1968,480)
(54443,8867372339031,256,4064,868)
(54444,4469391888215,256,3996,876)
(54445,8867430141783,256,3540,832)
(54446,8882345086807,256,3144,808)
(54447,1383384426395,256,864,464)
(54448,1185700787415,256,880,496)
(54449,1185701569783,256,960,464)
(54450,414802724975,256,864,464)
(54451,1185701696759,256,992,448)
(54452,829266766039,256,1776,512)
(54453,1171522227389,256,1120,464)
(54454,346190777943,448,2784,824)
(54455,346223808087,384,1536,712)
(54456,346248580695,448,3040,824)
(54457,346224330455,384,576,616)
(54458,621068553815,256,576,730)
(54459,4469291355735,256,3944,900)
(54460,8867304836695,384,1280,720)
(54461,8867271806551,256,3600,854)
(54462,8867371437655,256,864,676)
(54463,4501419740759,256,1152,796)
(54464,621102106327,256,384,440)
(54465,4469391763159,256,1152,644)
(54466,8882336704215,256,2560,788)
(54467,346199168215,384,1696,660)
(54468,4469299746007,256,3712,876)
(54469,8867372340951,256,1464,756)
(54470,621068684631,256,2032,734)
(54471,621101714775,256,2880,846)
(54472,621126487383,256,3052,842)
(54473,4469274973399,256,2744,720)
(54474,4469241943255,256,2112,840)
(54475,4469391890135,256,1248,664)
(54476,8867430143703,256,1632,720)
(54477,8882345088727,256,2528,772)
(54478,208810022007,384,2176,616)
(54479,8867268007031,256,4348,804)
(54480,8867371830391,256,5124,768)
(54481,4469416922743,256,3872,836)
(54482,621126685815,384,864,638)
(54483,4469291748471,256,4678,816)
(54484,4469354157175,256,5484,772)
(54485,4501444842615,256,3912,652)
(54486,4469359119991,256,3464,800)
(54487,4469392150135,256,3652,806)
(54488,4501433226871,256,3000,752)
(54489,4501466257015,256,1440,624)
(54490,4501495158391,256,2328,668)
(54491,4469417053559,256,5256,820)
(54492,8867430534519,256,4428,780)
(54493,4501445807479,256,3644,736)
(54494,2285212407511,256,768,448)
(54495,2285212673271,256,1600,480)
(54496,2285212800247,256,1088,448)
(54497,1171588816541,256,864,520)
(54498,1171588820631,256,864,472)
(54499,1171588828349,256,768,400)
(54500,416949866103,256,256,320)
(54501,1177110842743,256,256,256)
(54502,833628802775,256,1968,520)
(54503,833629064445,256,1088,448)
(54504,1177115036919,256,256,256)
(54505,1170674759877,256,960,624)
(54506,689886124811,256,384,620)
(54507,1170725087461,256,2304,632)
(54508,1170727183589,256,384,568)
(54509,1170739760357,256,384,520)
(54510,704918474539,256,1968,644)
(54511,440326718925,256,384,560)
(54512,457440527821,256,576,512)
(54513,1170668691221,256,1696,656)
(54514,1239386070805,256,1008,722)
(54515,346118628581,256,3208,732)
(54516,8867241834725,256,2520,660)
(54517,1170668703029,384,1600,632)
(54518,1239386082613,384,960,720)
(54519,690049201379,256,864,690)
(54520,2270203160805,256,2544,732)
(54521,833815481571,256,384,384)
(54522,1651690348309,256,1344,560)
(54523,1377162398947,256,960,660)
(54524,1650966564067,256,2232,714)
(54525,1651690360117,384,1936,704)
(54526,1651980307683,256,1152,692)
(54527,2270318235365,256,384,464)
(54528,361052793623,256,640,504)
(54529,1170806742245,256,384,488)
(54530,3302316481091,448,1296,1052)
(54531,436094416205,424,1296,924)
(54532,466025493837,448,1008,752)
(54533,440393568077,464,1424,848)
(54534,466030202701,448,1008,660)
(54535,436098608461,448,1344,864)
(54536,466029686093,448,1008,692)
(54537,8867241441989,448,2304,812)
(54538,2270186383813,256,2304,844)
(54539,207511960333,384,1056,684)
(54540,346159131365,384,2568,892)
(54541,4469259709157,352,3112,908)
(54542,346161227493,448,1568,820)
(54543,4469261805285,448,1632,820)
(54544,345244494359,256,576,448)
(54545,413963971087,256,384,416)
(54546,690082716387,256,512,724)
(54547,2270303562469,256,768,788)
(54548,4469326691045,256,3064,764)
(54549,346219129317,448,2568,808)
(54550,8867242355173,384,768,740)
(54551,690082751971,256,960,826)
(54552,2270303693285,256,1440,928)
(54553,690082720227,256,864,710)
(54554,2270305757669,256,1296,860)
(54555,8867300189669,256,2688,722)
(54556,1240753085962,448,4944,1006)
(54557,3302316484931,448,1296,956)
(54558,833788251843,448,1056,608)
(54559,829618859235,352,720,576)
(54560,829620923619,448,864,528)
(54561,833913949667,384,672,464)
(54562,1377101622467,448,1248,812)
(54563,1650905787587,448,1440,864)
(54564,413678384837,448,2112,712)
(54565,1651979525315,256,1152,788)
(54566,1377227189475,352,1728,908)
(54567,1651031354595,352,1944,930)
(54568,1377229253859,448,1440,820)
(54569,1651033418979,448,2220,894)
(54570,1376007285263,256,640,520)
(54571,1652096707811,256,768,748)
(54572,1377227316451,384,1824,740)
(54573,1651031481571,384,1776,768)
(54574,1652105092323,256,2088,880)
(54575,1652107156707,256,1296,800)
(54576,440314136397,384,384,604)
(54577,457427945293,384,576,652)
(54578,346173804261,384,3112,772)
(54579,4469274382053,384,2880,780)
(54580,690039590371,256,1200,674)
(54581,4469240962277,256,3072,812)
(54582,4469341363941,256,3428,788)
(54583,833819610339,384,576,464)
(54584,1377166527715,384,1488,780)
(54585,1650970692835,384,1704,830)
(54586,1652111285475,256,1704,752)
(54587,1240753089802,256,4752,794)
(54588,3302320679107,256,960,858)
(54589,1240736320778,256,768,916)
(54590,3302320482883,256,1488,894)
(54591,1240736767114,256,576,660)
(54592,438716106573,464,2008,888)
(54593,455829915469,448,1408,780)
(54594,423801161549,464,2228,928)
(54595,449437796173,448,1432,816)
(54596,439319832269,448,1584,816)
(54597,464956466893,384,1184,612)
(54598,859541286595,256,2448,832)
(54599,859549674947,256,2728,856)
(54600,842405162211,256,1696,620)
(54601,859549936867,256,1940,676)
(54602,859666853603,256,2208,716)
(54603,361333111694,256,880,496)
(54604,859550584291,256,2076,644)
(54605,859666984419,256,2256,680)
(54606,2474725585805,256,384,448)
(54607,4675638308547,256,1248,544)
(54608,4949442473667,256,4470,848)
(54609,207519955781,256,2192,728)
(54610,4675638439363,256,3288,820)
(54611,4949442604483,256,2288,608)
(54612,4950516215235,256,3840,764)
(54613,208868194179,256,2144,648)
(54614,4675663473891,256,864,512)
(54615,4949467639011,256,3280,746)
(54616,344422300429,256,976,568)
(54617,4467582188429,256,2504,712)
(54618,1650623041047,384,512,416)
(54619,829210545687,384,1600,632)
(54620,829476883991,384,1808,640)
(54621,827488152803,256,2016,656)
(54622,4675655216355,256,2888,760)
(54623,4675755618019,256,2576,812)
(54624,1376818875927,384,1896,672)
(54625,4949459381475,256,2352,592)
(54626,4949559783139,256,3822,932)
(54627,1377085214231,384,1264,584)
(54628,4950532992227,256,3720,720)
(54629,208600734605,256,1088,544)
(54630,361066773390,256,1440,560)
(54631,344553798542,256,2448,708)
(54632,827521830371,256,1904,608)
(54633,4675697151459,256,2376,716)
(54634,4675764006371,256,3000,836)
(54635,4949501316579,256,1952,584)
(54636,4949568171491,256,3328,824)
(54637,4950574927331,256,1632,668)
(54638,208599767821,256,1184,496)
(54639,2268573447053,256,768,640)
(54640,207584736141,256,1024,512)
(54641,4950633524707,256,3840,876)
(54642,4951053016771,256,4000,800)
(54643,209405063043,256,768,624)
(54644,1377617890839,384,2704,720)
(54645,2752147197667,256,576,636)
(54646,414752905101,256,384,432)
(54647,429784152974,256,1184,496)
(54648,2752155586019,256,864,596)
(54649,414752382733,256,256,400)
(54650,421194347405,256,576,568)
(54651,3336135153875,384,1008,830)
(54652,3318963415251,256,864,628)
(54653,3310373734611,256,1440,834)
(54654,348253530323,256,256,448)
(54655,1254674020173,256,2288,716)
(54656,692033828235,256,1088,560)
(54657,1241789641837,256,928,620)
(54658,1239642675083,256,1120,560)
(54659,1170856945901,256,256,464)
(54660,1241790158445,256,384,588)
(54661,1254674028141,256,1632,660)
(54662,1254674802547,256,2728,740)
(54663,1238771213549,256,384,496)
(54664,704918214477,256,1872,664)
(54665,1254674802541,256,2568,664)
(54666,3335598283091,256,384,698)
(54667,440389375465,408,2368,1060)
(54668,466026010089,448,1776,892)
(54669,1274601115406,384,1440,986)
(54670,3334524541523,352,1080,1094)
(54671,3334524545363,352,1080,930)
(54672,440393567721,416,2120,888)
(54673,466030202345,384,1152,680)
(54674,1255894200078,384,576,826)
(54675,3335589894739,384,864,978)
(54676,3318426544467,384,864,770)
(54677,3309836863827,256,576,678)
(54678,1257504812430,256,384,520)
(54679,3317352802899,256,384,694)
(54680,1274567568654,256,1976,974)
(54681,3308763122259,256,864,864)
(54682,3351167408371,256,1080,914)
(54683,413670390349,256,1152,588)
(54684,415204813645,384,1824,756)
(54685,2270303689613,352,1272,768)
(54686,415204940621,384,768,636)
(54687,2270311947149,384,864,640)
(54688,413678647885,384,1120,584)
(54689,416891222605,256,576,496)
(54690,621198104747,384,1344,552)
(54691,689915484331,384,960,720)
(54692,414131202893,256,256,520)
(54693,2270303562637,256,576,620)
(54694,8867367009165,256,2040,716)
(54695,413130076958,256,1512,738)
(54696,415037581421,352,1152,640)
(54697,346320201837,352,3792,826)
(54698,620124366957,352,832,672)
(54699,415037708397,384,704,544)
(54700,346320328813,384,2256,744)
(54701,620124493933,384,640,544)
(54702,691796399219,256,576,448)
(54703,623345357939,256,864,618)
(54704,691796367475,256,1120,560)
(54705,623345326195,256,1296,682)
(54706,1173076879725,256,704,560)
(54707,4540061803885,256,512,464)
(54708,1241794259309,256,576,678)
(54709,4536865744237,256,1872,620)
(54710,1170850654637,352,960,768)
(54711,8867267389869,256,1320,696)
(54712,691797268851,256,1760,648)
(54713,8867267386029,256,1152,628)
(54714,8867267422573,256,960,676)
(54715,623346227571,256,1440,810)
(54716,4570451613549,256,2016,588)
(54717,2354189749107,256,1456,528)
(54718,1170850650797,256,576,716)
(54719,691797300595,384,1344,552)
(54720,8867267516845,384,1392,588)
(54721,623346259315,384,1152,726)
(54722,4540086957427,256,928,432)
(54723,4469385403309,256,2040,620)
(54724,4570451486573,256,576,456)
(54725,2354190003059,256,576,432)
(54726,3334524479843,352,1080,1042)
(54727,3318959155555,384,864,882)
(54728,3310369474915,256,576,862)
(54729,4954291033259,384,3208,798)
(54730,3308763128019,256,864,944)
(54731,4679396353419,352,3676,900)
(54732,846138041739,352,2376,874)
(54733,4953200518539,352,2484,768)
(54734,3334525454707,256,720,1038)
(54735,3308888820083,256,1520,680)
(54736,4953217283723,384,1440,752)
(54737,846154806923,384,2664,720)
(54738,4679413118603,384,1984,620)
(54739,829342169293,352,1328,688)
(54740,829350426829,384,1088,576)
(54741,1658132567893,256,256,464)
(54742,829400754413,352,640,576)
(54743,1377160304851,352,1080,768)
(54744,1376891902163,352,1248,874)
(54745,1377162400979,384,864,640)
(54746,1376960821459,384,1152,774)
(54747,344428591693,384,1928,696)
(54748,1375205800525,256,1632,680)
(54749,1375738849397,384,2796,720)
(54750,1375885146323,256,384,580)
(54751,1650616359509,352,1600,672)
(54752,1650616744339,352,1440,672)
(54753,1650616363349,352,2288,768)
(54754,207905485598,256,384,472)
(54755,1650616613461,384,1504,544)
(54756,1650616363411,384,1184,544)
(54757,1650616744277,384,1440,664)
(54758,1375738837589,256,2112,616)
(54759,1375738456661,256,2296,728)
(54760,1375739358037,256,768,560)
(54761,5498906917717,256,1760,668)
(54762,5498906929587,256,1392,632)
(54763,1377228100851,352,1320,768)
(54764,1377009211635,352,2016,878)
(54765,1375739366005,256,2076,800)
(54766,5506423007155,256,1440,528)
(54767,4956667169653,256,2072,684)
(54768,6598418549621,256,2480,732)
(54769,1375935473907,256,576,668)
(54770,1375739619957,384,3440,688)
(54771,4674273471093,256,2384,616)
(54772,4956667201397,256,576,400)
(54773,5506422975411,256,1632,580)
(54774,6598418803573,256,1808,604)
(54775,440314136041,448,960,824)
(54776,457427944937,448,1440,840)
(54777,1256959553294,448,960,922)
(54778,3336122571347,448,960,1066)
(54779,3336122575187,448,960,858)
(54780,415093933261,448,1432,732)
(54781,4469240838349,448,2528,720)
(54782,413678549773,448,1408,648)
(54783,692038016595,384,1152,544)
(54784,623320637011,384,2664,744)
(54785,1170928967251,384,1184,544)
(54786,691796843635,256,1568,560)
(54787,623345802355,256,1608,730)
(54788,1239505313675,256,1544,632)
(54789,1171054272395,256,3024,812)
(54790,691797364083,384,1184,552)
(54791,623346322803,384,1152,726)
(54792,1173201755757,256,1776,572)
(54793,2270268164333,256,3816,676)
(54794,2302396549357,256,768,540)
(54795,1177496719213,256,864,432)
(54796,3318422350179,448,1536,938)
(54797,4540900619915,384,1296,752)
(54798,433838143115,384,1872,720)
(54799,4677802702475,384,576,620)
(54800,833819675853,448,832,608)
(54801,1666990874507,256,1640,632)
(54802,1377166593235,448,1296,720)
(54803,1376898190547,448,1320,854)
(54804,344428493581,448,1568,728)
(54805,1650885271123,384,768,544)
(54806,1377081106003,384,1248,544)
(54807,1377081106059,384,1680,664)
(54808,1654106496115,256,2416,672)
(54809,5500249186187,256,2320,668)
(54810,4952640855947,256,384,464)
(54811,1654107016563,384,1904,688)
(54812,5502396669549,256,2016,588)
(54813,3316258312045,256,1296,580)
(54814,5506691633005,256,384,400)
(54815,6601908293485,256,1440,604)
(54816,2755267892875,256,576,604)
(54817,438716106217,448,3272,944)
(54818,455829915113,448,2400,848)
(54819,3318959220963,256,576,636)
(54820,423801161193,480,3900,1064)
(54821,449437795817,448,2552,956)
(54822,1257496424078,256,384,656)
(54823,3317348608611,256,576,834)
(54824,4954291096747,256,2704,650)
(54825,2755267904683,256,864,788)
(54826,2754194155147,256,576,528)
(54827,837564999307,256,864,742)
(54828,2480389990027,256,576,604)
(54829,2480373351819,256,864,886)
(54830,2342951232907,256,960,674)
(54831,4679396543883,256,4026,838)
(54832,837548361099,256,864,668)
(54833,2754177516939,256,576,760)
(54834,837565130123,256,864,690)
(54835,2753657480587,256,256,320)
(54836,846138232203,256,2176,818)
(54837,4953200709003,256,960,464)
(54838,4954291088779,256,2072,674)
(54839,4954274256267,256,3860,838)
(54840,4954324635531,256,864,628)
(54841,4953217347211,256,1632,744)
(54842,846154870411,256,3600,802)
(54843,4679413182091,256,768,432)
(54844,2479316379275,256,576,744)
(54845,2755251127691,256,864,912)
(54846,2755301443467,256,864,728)
(54847,831182177707,256,768,568)
(54848,842111734995,256,1872,640)
(54849,842111734989,256,3264,760)
(54850,1652088282965,256,576,432)
(54851,842112517357,256,640,480)
(54852,4468398659486,256,256,320)
(54853,1654235770285,256,1392,504)
(54854,1379357863603,256,576,432)
(54855,2476613637331,256,384,352)
(54856,2476347140307,256,1872,682)
(54857,413684841037,256,1968,584)
(54858,829235306131,256,2352,592)
(54859,1650647801491,256,384,352)
(54860,1653843861139,256,3496,560)
(54861,826006620371,256,1536,656)
(54862,2476613510355,256,1152,676)
(54863,1376843636371,256,2760,608)
(54864,2476347267283,256,640,592)
(54865,1378974342803,256,3508,640)
(54866,2475273529555,256,1152,636)
(54867,415558113165,256,1536,544)
(54868,829235317933,256,384,400)
(54869,1376843648173,256,576,448)
(54870,1378974354605,256,3336,648)
(54871,1376826871125,256,1472,560)
(54872,829218540885,256,960,560)
(54873,827087834453,256,1584,746)
(54874,1650647813293,256,960,544)
(54875,1650631036245,256,2712,704)
(54876,1653843872941,256,2112,568)
(54877,1651696389461,256,2512,728)
(54878,1650622647949,256,1472,512)
(54879,1376818482829,256,1088,560)
(54880,1375753129613,256,4392,760)
(54881,829210152589,256,1584,608)
(54882,826014092941,256,1088,624)
(54883,1653852249429,256,1760,616)
(54884,1651721542997,256,5024,820)
(54885,5499995201365,256,1984,636)
(54886,4952386871125,256,1488,616)
(54887,4950256164693,256,3888,792)
(54888,208612499174,256,1600,520)
(54889,208595984102,256,864,694)
(54890,829236088499,256,832,472)
(54891,1650648583859,256,256,352)
(54892,1653844643507,256,864,544)
(54893,2476614419699,256,864,564)
(54894,1376844418739,256,1392,556)
(54895,2476348049651,256,1296,690)
(54896,1378975125171,256,4188,584)
(54897,4537116039070,256,1360,488)
(54898,2269491931038,256,1216,432)
(54899,421580154782,256,1120,432)
(54900,207921125278,256,1824,540)
(54901,413323667358,256,3468,540)
(54902,4952403652013,256,1984,604)
(54903,5500011982253,256,1088,520)
(54904,5502142688685,256,1968,712)
(54905,2491379426547,256,576,580)
(54906,2508548688115,256,864,564)
(54907,6599781598451,256,576,588)
(54908,4677525745331,256,384,416)
(54909,5498938240691,256,640,504)
(54910,5502134300339,256,4276,716)
(54911,1654642876051,256,1968,520)
(54912,2752044797133,256,2040,720)
(54913,209405974413,256,512,600)
(54914,1380838722733,256,2096,616)
(54915,831082909013,256,2416,728)
(54916,1377617497741,256,1968,672)
(54917,1655716617557,256,768,708)
(54918,1668601257813,256,1152,616)
(54919,1654643658419,256,512,464)
(54920,4536849700766,256,576,488)
(54921,352862775198,256,1824,572)
(54922,1670748745133,256,2724,664)
(54923,1395870838451,256,1488,616)
(54924,3336135088467,256,576,742)
(54925,440380985193,384,2742,950)
(54926,466017619817,448,2232,836)
(54927,1256967937806,256,864,788)
(54928,3336126700115,256,576,834)
(54929,3318959221075,256,576,642)
(54930,3310369540435,256,576,846)
(54931,436086025577,448,2574,1050)
(54932,466017103209,448,2160,968)
(54933,1256843153166,448,960,894)
(54934,3318950959699,384,576,916)
(54935,3336134961491,384,1248,756)
(54936,1248311281038,256,384,488)
(54937,3336126573139,256,384,670)
(54938,1256842636558,256,576,954)
(54939,3310373538387,256,1824,956)
(54940,3352232761587,384,864,790)
(54941,3351154825843,352,960,1074)
(54942,3351167215987,352,1080,902)
(54943,3336135870835,256,384,630)
(54944,3336123484531,384,576,906)
(54945,3310499236211,256,384,794)
(54946,3342577535347,256,864,924)
(54947,3352228436595,448,960,1020)
(54948,3326475405683,256,768,868)
(54949,3325401664115,256,384,810)
(54950,3306075359347,256,576,850)
(54951,3310369802355,256,576,718)
(54952,413670912717,256,1056,620)
(54953,415094834637,256,864,612)
(54954,4537188656589,256,1424,540)
(54955,413678645005,256,576,504)
(54956,429776059085,256,2432,664)
(54957,346106956237,448,1776,688)
(54958,4469274388941,384,2288,620)
(54959,413678168845,384,576,544)
(54960,620984732109,256,576,488)
(54961,4469274515917,256,1856,596)
(54962,2270251387341,256,3856,740)
(54963,413129175582,384,1152,636)
(54964,4469291165933,352,1248,768)
(54965,207523191582,352,1072,672)
(54966,2269360335646,256,1568,600)
(54967,344541674270,256,1728,712)
(54968,4537205433581,448,1728,708)
(54969,348436216350,256,1728,656)
(54970,4469291292909,256,704,620)
(54971,430126441709,256,576,440)
(54972,1238307186319,256,384,352)
(54973,4469241747693,384,1248,588)
(54974,2339239527667,256,1360,616)
(54975,1169856145039,256,384,400)
(54976,345345124951,256,576,432)
(54977,2270368565997,256,576,564)
(54978,2302397319917,256,1872,610)
(54979,4469391698413,256,1792,760)
(54980,2302397450733,256,1872,682)
(54981,2269490465399,256,1824,608)
(54982,4537305835245,256,2400,716)
(54983,3335585704291,256,576,738)
(54984,3309832669539,256,864,710)
(54985,3335598090595,384,1248,852)
(54986,3310361157843,256,768,748)
(54987,3350630410611,352,1080,902)
(54988,3335599065459,256,384,766)
(54989,3335590807923,384,576,906)
(54990,3309962430835,256,384,658)
(54991,3342040729971,256,864,740)
(54992,3352228440435,448,960,832)
(54993,3343638759795,256,864,812)
(54994,4954349800875,256,864,580)
(54995,3342569152755,256,384,714)
(54996,3310370324723,256,576,734)
(54997,3343651146099,256,576,828)
(54998,829625117907,256,1152,480)
(54999,829625117901,384,1376,560)
