(33000,1274567636115,256,1320,748)
(33001,224433217370,256,1408,512)
(33002,211548348186,256,768,544)
(33003,4675361512922,256,1024,448)
(33004,413684447945,256,2928,760)
(33005,4674564697795,256,3930,888)
(33006,208868188042,256,4224,808)
(33007,207791233882,256,1408,592)
(33008,207790710554,256,1440,624)
(33009,2337280340826,256,3648,744)
(33010,826448088803,256,2320,692)
(33011,4674589863139,256,3280,782)
(33012,208868646298,256,1968,640)
(33013,4536316141402,256,2480,592)
(33014,207920242522,256,3432,728)
(33015,1237781290778,256,1728,776)
(33016,207819611930,256,1536,608)
(33017,4674690264803,256,4502,924)
(33018,4537926753754,256,1168,560)
(33019,225511153114,256,5220,776)
(33020,4676173016773,256,3720,832)
(33021,209405058953,256,768,688)
(33022,2477275582181,256,576,620)
(33023,346303405466,256,256,448)
(33024,4536848818010,256,832,448)
(33025,1238313967386,256,384,624)
(33026,362945912282,256,928,600)
(33027,1169791723751,256,256,384)
(33028,688813524751,256,576,520)
(33029,5646955089257,624,1692,1104)
(33030,1813696777577,580,2820,1278)
(33031,13345550011753,640,1248,886)
(33032,5679033388393,560,1440,994)
(33033,10059900030313,736,1440,962)
(33034,18838947401065,760,2400,1140)
(33035,26535395102057,448,960,788)
(33036,5661870034281,648,1632,1172)
(33037,22137381621097,688,1448,1052)
(33038,13358434652009,448,1320,884)
(33039,22137482022761,448,1680,988)
(33040,6742171749737,256,576,676)
(33041,3456521768297,544,1408,898)
(33042,6774250048873,384,576,678)
(33043,11155116690793,384,576,636)
(33044,19934164061545,576,1392,866)
(33045,3488600067433,512,1248,818)
(33046,19964095139177,384,576,676)
(33047,6757086694761,512,864,786)
(33048,19946948300137,576,1088,874)
(33049,6787134689129,384,864,704)
(33050,19947048701801,352,1320,860)
(33051,13339108347241,256,576,620)
(33052,5672591723881,384,576,766)
(33053,10053458365801,640,1248,826)
(33054,18832505736553,480,2224,966)
(33055,1839333412201,480,1936,992)
(33056,26531100659049,512,576,726)
(33057,18864584035689,544,640,814)
(33058,22133070663017,512,864,842)
(33059,18847420681577,624,1456,1036)
(33060,22163118657385,384,864,688)
(33061,26543985299305,448,1152,752)
(33062,5655477914985,496,1940,974)
(33063,22133120208233,512,1744,922)
(33064,18847470226793,544,2036,1006)
(33065,22146004848489,384,1560,732)
(33066,13354139692393,576,1536,882)
(33067,22133187063145,560,1708,1036)
(33068,5687623069033,560,1708,1044)
(33069,18847537081705,624,2864,1188)
(33070,22163117886825,576,1488,898)
(33071,26543984528745,608,1728,874)
(33072,22145971301737,576,1488,874)
(33073,1257504812807,448,1440,918)
(33074,7748670494073,544,1840,1046)
(33075,20908584506745,552,2742,1268)
(33076,15415187117433,608,2746,1288)
(33077,24194234488185,656,3354,1358)
(33078,28605032207737,640,2336,1156)
(33079,24224165565817,576,1728,1014)
(33080,30795465528697,648,2464,1188)
(33081,24207018726777,576,1472,882)
(33082,30804054955385,384,1560,748)
(33083,1248848545047,448,2368,978)
(33084,1244670502167,256,768,668)
(33085,1248915399959,384,1968,874)
(33086,1248915146007,256,1608,816)
(33087,345221281433,256,1800,764)
(33088,350454094233,448,1824,856)
(33089,380385171865,256,512,616)
(33090,363271362969,384,768,740)
(33091,363337963929,256,864,704)
(33092,356895758745,352,2736,956)
(33093,382532393369,448,1120,748)
(33094,365418584473,384,768,820)
(33095,395416263065,256,864,632)
(33096,365369039257,384,1920,900)
(33097,365485439385,448,2664,1008)
(33098,395416517017,448,1824,812)
(33099,628554799337,384,576,600)
(33100,628554418409,256,640,584)
(33101,624318159081,256,384,576)
(33102,628487817449,448,960,704)
(33103,413981120745,384,768,656)
(33104,413981119729,256,768,644)
(33105,413981055337,256,576,632)
(33106,413981054321,448,768,764)
(33107,2269238340487,384,1008,692)
(33108,345228090265,384,1632,624)
(33109,345344490393,256,1152,600)
(33110,413934932602,256,3208,796)
(33111,413797668473,256,1152,552)
(33112,1169777044135,352,1080,832)
(33113,413678655609,352,1888,744)
(33114,413695941241,256,768,448)
(33115,207845692154,256,864,576)
(33116,628438010313,448,2272,764)
(33117,622170675657,256,384,496)
(33118,628554537417,384,640,668)
(33119,628554410441,256,384,616)
(33120,621173852943,384,1152,616)
(33121,8866193779367,384,1152,668)
(33122,8866293410471,256,1296,616)
(33123,4537914582799,256,512,416)
(33124,689891232527,384,768,684)
(33125,4538180921103,256,1952,528)
(33126,844066047759,384,1872,798)
(33127,842357368591,256,1392,504)
(33128,1684444223721,256,576,660)
(33129,1667330414825,384,576,774)
(33130,826016995673,256,864,648)
(33131,826016962969,384,768,756)
(33132,207795428185,384,1536,672)
(33133,344545475481,256,1344,536)
(33134,413264991865,256,1520,488)
(33135,1701088271593,352,1080,946)
(33136,1375935338745,352,1992,916)
(33137,413142685052,352,1120,688)
(33138,207539608186,256,1776,544)
(33139,2338084459258,256,1152,656)
(33140,1684982192217,384,672,830)
(33141,1685250626649,256,384,596)
(33142,827325991695,384,1824,720)
(33143,4675615680271,256,1792,636)
(33144,4949419845391,256,992,552)
(33145,345221216025,256,2496,796)
(33146,207912769274,256,1152,688)
(33147,688674066199,256,1136,568)
(33148,620223024919,256,3168,680)
(33149,842357559055,256,1968,676)
(33150,4537107683066,256,864,496)
(33151,4675615870735,256,1776,660)
(33152,4949420035855,256,256,384)
(33153,697979029007,256,1296,802)
(33154,2477169165851,256,2712,942)
(33155,844066492175,256,2376,742)
(33156,835476621071,256,4640,906)
(33157,827454967575,256,1584,544)
(33158,413685356441,256,3584,704)
(33159,4536304539386,256,1296,616)
(33160,223950838522,256,864,560)
(33161,215428012794,256,384,416)
(33162,6597887826682,256,864,640)
(33163,4675361885975,256,1984,684)
(33164,4950497742615,256,1416,600)
(33165,4950231404311,256,3232,712)
(33166,416901897466,256,1344,560)
(33167,416918412538,256,1024,448)
(33168,414771191034,256,384,560)
(33169,2354189605626,256,640,496)
(33170,843967942423,256,2496,716)
(33171,1256967943943,448,1440,926)
(33172,345220835097,256,960,664)
(33173,2269244631751,384,1008,700)
(33174,345227599641,384,1280,640)
(33175,1169586109209,256,1776,760)
(33176,413939126905,256,4512,772)
(33177,345221223993,256,3584,788)
(33178,2269269797095,384,1640,700)
(33179,413679622393,384,1408,640)
(33180,207539575420,256,2496,664)
(33181,421454402169,256,4656,768)
(33182,207811235386,256,3992,776)
(33183,4468326345447,256,1544,684)
(33184,346419645215,256,1216,568)
(33185,842358343455,256,2280,644)
(33186,207794460441,384,1408,672)
(33187,207844782937,256,1536,544)
(33188,1684575296745,384,864,794)
(33189,1375941531897,384,1632,780)
(33190,413678652540,384,1024,576)
(33191,413695938172,256,512,448)
(33192,421987078777,256,1760,512)
(33193,345243897404,256,1600,656)
(33194,1659482919001,256,960,786)
(33195,4949420820255,256,768,520)
(33196,6879610703081,624,1836,1056)
(33197,11292555644137,672,1360,898)
(33198,18976386354409,672,1504,956)
(33199,5799308987625,624,2120,1076)
(33200,3593960721641,544,2040,998)
(33201,3626039020777,512,1608,902)
(33202,6909541780713,384,1344,778)
(33203,11290408422633,576,1200,762)
(33204,20069455793385,384,864,734)
(33205,13480841743593,576,1296,806)
(33206,20101534092521,384,832,646)
(33207,20084370738409,576,1440,828)
(33208,6892394941673,544,1920,866)
(33209,20084387253481,512,1200,786)
(33210,22268411940073,384,960,646)
(33211,13495873605353,544,2336,948)
(33212,20084487655145,544,2204,952)
(33213,26681424252649,384,1376,674)
(33214,22283443801833,256,1376,596)
(33215,1257504814727,448,960,732)
(33216,1274567634439,256,2572,1028)
(33217,7749207362937,560,1768,1036)
(33218,20909121375609,624,2700,1204)
(33219,15415723986297,592,2032,1018)
(33220,24194771357049,592,2208,1080)
(33221,28605569076601,624,2032,1034)
(33222,24224702434681,576,1616,942)
(33223,24207555595641,576,1616,850)
(33224,14320507325817,624,3090,1228)
(33225,23099554696569,624,3022,1234)
(33226,30796002397561,624,2364,1116)
(33227,27506057973113,512,2212,1028)
(33228,23125191331193,544,1600,886)
(33229,30791707954553,544,1840,918)
(33230,23108077522297,384,1344,764)
(33231,30804591824249,384,2616,866)
(33232,1257504822807,448,2368,930)
(33233,1257405191703,256,2208,734)
(33234,1244620953111,256,1200,646)
(33235,1257454736919,384,1952,818)
(33236,1248915396119,256,1776,774)
(33237,1257438221847,256,2788,932)
(33238,844066506015,384,2872,814)
(33239,30812108002809,384,1888,926)
(33240,1257404675095,256,2976,1064)
(33241,1244620436503,256,2336,966)
(33242,4983274653471,256,2160,738)
(33243,3307544450553,256,1920,660)
(33244,876212176671,256,2820,790)
(33245,1658327340537,256,2520,684)
(33246,3301152331257,256,2476,716)
(33247,351259400409,448,2268,928)
(33248,355553843417,384,1904,792)
(33249,381190478041,384,1088,684)
(33250,355553462489,384,2332,828)
(33251,355453831385,448,1840,820)
(33252,370485303513,384,1632,708)
(33253,355486861529,448,2288,960)
(33254,387631761625,384,1728,732)
(33255,2269378746265,256,1408,608)
(33256,371659446745,464,2500,1012)
(33257,388706273753,480,2288,908)
(33258,403738007801,448,2240,892)
(33259,637144211169,448,1280,904)
(33260,637027294433,256,4224,794)
(33261,622170672609,256,1152,628)
(33262,637052067041,384,1952,840)
(33263,624267828449,256,2224,830)
(33264,637043809505,256,1152,958)
(33265,2337823985020,256,512,512)
(33266,4536847113596,256,768,544)
(33267,637027032513,256,4072,1046)
(33268,622120345025,256,2756,888)
(33269,623320894970,256,1568,560)
(33270,868127184297,256,256,608)
(33271,1658803362161,256,384,790)
(33272,826285331881,256,384,592)
(33273,413684456025,256,2384,792)
(33274,345283733401,256,3752,712)
(33275,826181724871,448,1896,732)
(33276,2475665204935,384,672,668)
(33277,346307599769,384,1552,648)
(33278,4674554077081,256,1632,512)
(33279,413743159193,256,3064,736)
(33280,1692492077425,256,384,834)
(33281,1376205772153,256,512,624)
(33282,344422830332,256,1632,624)
(33283,207808010874,256,2400,664)
(33284,850963634633,448,1152,802)
(33285,876716662665,256,768,868)
(33286,876716695369,256,768,628)
(33287,859820956105,384,864,782)
(33288,834184321481,256,1648,942)
(33289,9072717977017,384,1648,716)
(33290,9072651376057,256,1440,664)
(33291,9072651377017,256,3648,796)
(33292,1654512622705,384,768,762)
(33293,1684445320305,256,576,794)
(33294,2475531375865,256,1408,512)
(33295,207820593402,256,2112,688)
(33296,421991271033,256,4288,760)
(33297,4674470091257,256,2920,908)
(33298,1688203402353,256,1320,880)
(33299,1376019750009,256,1536,680)
(33300,430606327417,256,768,416)
(33301,2269391329914,256,2016,712)
(33302,413709621369,256,3064,784)
(33303,413759937145,256,3528,720)
(33304,1651161618513,256,864,1026)
(33305,1651161872465,256,864,766)
(33306,2491504731879,256,2448,750)
(33307,2508820088551,256,1440,608)
(33308,6598766692071,256,1952,692)
(33309,2476722408223,256,1408,544)
(33310,2476456069919,256,2100,684)
(33311,6598433491743,256,1640,600)
(33312,4707890435577,256,1536,616)
(33313,4570988353017,256,1248,576)
(33314,2491636979193,256,960,448)
(33315,2354734896633,256,1568,560)
(33316,1171466030586,256,1088,448)
(33317,10996863375865,256,1248,748)
(33318,224462576890,256,2112,592)
(33319,4468427136250,256,3024,744)
(33320,438105740793,256,2400,648)
(33321,2477275811527,384,1008,730)
(33322,209406040537,384,768,668)
(33323,224437411673,256,1536,544)
(33324,1652365139169,384,768,866)
(33325,1667267507425,256,384,730)
(33326,421194829180,256,512,448)
(33327,1660288211169,256,864,960)
(33328,429784636796,256,1088,624)
(33329,2337842371194,256,928,512)
(33330,1651161880601,256,864,918)
(33331,2493235383071,256,2064,660)
(33332,6600297859871,256,1728,684)
(33333,4536878177530,256,1248,544)
(33334,6598699357692,256,768,600)
(33335,1274030765575,256,2376,998)
(33336,1169867120409,256,1440,764)
(33337,1238312361084,256,2016,656)
(33338,345233792793,256,2896,808)
(33339,1376019259161,256,640,528)
(33340,345258565401,256,1248,592)
(33341,1658736316785,256,576,918)
(33342,1376209964409,256,1584,688)
(33343,207520225404,256,2112,688)
(33344,345250188857,256,3312,744)
(33345,4674476379641,256,2640,820)
(33346,1658677612657,256,576,976)
(33347,430590008569,256,1152,528)
(33348,2269122894460,256,1872,692)
(33349,4536863497852,256,512,384)
(33350,207551191164,256,4048,760)
(33351,207601506940,256,4728,688)
(33352,211552542489,256,576,536)
(33353,1658677604577,256,576,784)
(33354,416899865724,256,576,464)
(33355,429801021052,256,576,464)
(33356,348253530317,384,768,616)
(33357,1239642158413,384,1472,736)
(33358,1239642675021,384,1728,720)
(33359,1239844824301,384,768,584)
(33360,692034356589,384,1472,704)
(33361,1241790158451,256,384,532)
(33362,1254674028147,256,1632,624)
(33363,1169783335149,256,720,676)
(33364,415008966539,256,2752,814)
(33365,704918214539,256,2064,712)
(33366,1274601115427,384,1296,752)
(33367,1255894200099,384,1248,932)
(33368,1257504812451,384,384,652)
(33369,1274567568675,256,1776,912)
(33370,1257405189427,384,1848,908)
(33371,1257504820531,384,1152,824)
(33372,1244620950835,256,864,638)
(33373,1248915393843,384,1632,932)
(33374,1274552028467,256,832,752)
(33375,1274568543539,256,1912,872)
(33376,1247237932339,352,1440,1060)
(33377,1243059889459,256,576,664)
(33378,1247304787251,256,4064,1048)
(33379,1247304533299,256,960,852)
(33380,413938824781,256,1392,512)
(33381,2269238209421,384,1704,818)
(33382,2269229951885,352,2196,908)
(33383,413147967246,352,2032,740)
(33384,430044428109,256,1968,544)
(33385,621198104685,384,2512,680)
(33386,689915484269,384,768,636)
(33387,690082716493,384,1152,738)
(33388,2269238336397,256,576,684)
(33389,8866293398413,256,2592,768)
(33390,207783339614,256,1896,592)
(33391,691796399213,256,864,584)
(33392,623345357933,256,576,588)
(33393,691796367469,256,1600,600)
(33394,623345326189,256,768,536)
(33395,1173076879731,256,1968,600)
(33396,4540061803891,256,864,464)
(33397,1241794259315,256,384,588)
(33398,4536865744243,256,576,496)
(33399,1170929404269,352,800,672)
(33400,623321074029,352,1056,640)
(33401,1169776913069,352,2016,916)
(33402,692038453613,352,2304,836)
(33403,207795376734,352,1776,748)
(33404,215835325022,256,1296,512)
(33405,207912316510,256,576,480)
(33406,8866193775277,384,1488,770)
(33407,691797268845,384,3048,688)
(33408,8866193779117,256,1152,648)
(33409,8866193681005,256,4324,720)
(33410,623346227565,384,576,636)
(33411,4537939354989,256,512,464)
(33412,1169777043885,256,1080,876)
(33413,691797300589,256,2856,758)
(33414,8866193648301,256,2952,844)
(33415,8866193811821,256,1408,698)
(33416,623346259309,256,816,738)
(33417,4537939481965,256,1344,528)
(33418,4540070188397,256,384,472)
(33419,4540086957421,256,1344,528)
(33420,4468311665581,256,3080,768)
(33421,4537940252525,256,1456,528)
(33422,4951069808267,384,3376,830)
(33423,844007335307,256,2288,726)
(33424,4676191905419,256,2688,738)
(33425,844066047403,256,576,548)
(33426,846188357515,352,2112,878)
(33427,4952714028939,352,1152,768)
(33428,4679446669195,352,2644,752)
(33429,1383254665101,256,256,384)
(33430,833498859349,256,576,432)
(33431,1383254673069,256,384,528)
(33432,1658133350323,256,768,432)
(33433,413680643854,352,1248,688)
(33434,430577104717,256,1824,624)
(33435,825983035733,384,3104,736)
(33436,1376153580755,256,576,684)
(33437,825983031893,256,2160,672)
(33438,825982904917,256,2016,648)
(33439,825983814261,256,576,520)
(33440,4949151373941,256,1320,660)
(33441,4949151377781,256,1328,676)
(33442,1650617133909,352,1632,640)
(33443,1650617260885,352,1072,672)
(33444,1650617272755,352,1248,672)
(33445,688210352555,352,960,748)
(33446,413681177182,352,848,576)
(33447,2337817604702,256,1328,560)
(33448,345347075678,256,864,560)
(33449,825983806293,384,1456,704)
(33450,4949151365973,256,1440,624)
(33451,1376087476467,256,1080,876)
(33452,825983552341,256,3608,814)
(33453,4949150985045,256,2048,684)
(33454,4949151112021,256,768,528)
(33455,4674273209173,256,2432,712)
(33456,4949151894389,256,2068,740)
(33457,1274131164963,448,960,848)
(33458,4469240838355,448,4196,898)
(33459,413680645901,448,2100,736)
(33460,623077366963,256,2852,656)
(33461,691794746547,256,1072,620)
(33462,1239505313613,256,2540,656)
(33463,1171054272333,256,2440,664)
(33464,346318835541,352,1376,672)
(33465,346052497237,352,4680,876)
(33466,1376007138846,256,768,608)
(33467,691797364077,384,1728,688)
(33468,623346322797,384,768,636)
(33469,623445953901,256,1776,584)
(33470,691896995181,256,1088,600)
(33471,1173199658669,256,1776,608)
(33472,2339256042733,256,3592,798)
(33473,623444627379,256,2080,600)
(33474,346418466645,256,3504,712)
(33475,430616929931,256,2664,696)
(33476,433871693707,352,1728,834)
(33477,4677836253067,352,1728,768)
(33478,1666990874445,256,1472,552)
(33479,1666990886253,256,1872,624)
(33480,1666723221427,256,960,496)
(33481,842088730453,256,1440,684)
(33482,413147969293,448,1088,608)
(33483,1653838060723,256,2416,648)
(33484,5500249186125,256,2304,636)
(33485,4952640855885,256,576,504)
(33486,1650617356117,352,1600,672)
(33487,829204860757,352,1152,640)
(33488,345246445086,256,864,560)
(33489,1654107016557,384,1952,704)
(33490,5500249197933,256,1680,624)
(33491,4952640867693,256,512,432)
(33492,5502128234157,256,2016,624)
(33493,5499981533107,256,1632,664)
(33494,4949151207253,256,576,528)
(33495,2752047072427,256,384,588)
(33496,1274668035747,256,384,568)
(33497,2752046679691,256,864,784)
(33498,4951069871755,256,2216,724)
(33499,835417654667,256,864,736)
(33500,2477168903819,256,1392,848)
(33501,844066491819,256,864,544)
(33502,697962251659,256,1296,852)
(33503,4676192095883,256,1904,724)
(33504,835476620715,256,576,588)
(33505,846188547979,256,1872,730)
(33506,837598676875,256,3024,910)
(33507,831157012363,256,768,676)
(33508,4679446859659,256,1248,628)
(33509,837554747595,256,2504,724)
(33510,4952714155915,256,256,464)
(33511,1658967242955,256,1448,648)
(33512,1662163302603,256,2668,800)
(33513,2753691027339,256,1792,760)
(33514,2480423667595,256,864,676)
(33515,1380901664971,256,4326,916)
(33516,1274567896115,256,2124,848)
(33517,1244636818483,256,1872,758)
(33518,3307544448877,256,1152,580)
(33519,1658327338861,256,864,448)
(33520,3301152329581,256,1488,588)
(33521,1654235766451,256,256,320)
(33522,1651014545237,256,768,464)
(33523,1377210380117,256,512,464)
(33524,829602049877,256,1872,620)
(33525,1654235770291,256,1120,464)
(33526,1379357863597,256,2016,528)
(33527,829235306125,256,1536,632)
(33528,1650647801485,256,1536,480)
(33529,1653843861133,256,1392,512)
(33530,826006620365,256,3800,716)
(33531,1376843636365,256,1088,560)
(33532,1378974342797,256,6352,764)
(33533,2475539899603,256,1872,718)
(33534,1653852249491,256,3256,656)
(33535,1651721543059,256,2344,648)
(33536,4952403648179,256,1248,572)
(33537,5500011978419,256,1392,596)
(33538,5502142684851,256,3800,616)
(33539,417167974094,256,832,432)
(33540,417184751198,256,1392,504)
(33541,415037267662,256,384,528)
(33542,1376827641685,256,1120,560)
(33543,1650631806805,256,1152,512)
(33544,1651697160021,256,768,560)
(33545,5499986816853,256,1968,628)
(33546,5498921463637,256,1056,620)
(33547,829219311445,256,1216,560)
(33548,4952378486613,256,1440,632)
(33549,4677508968277,256,384,464)
(33550,827088605013,256,6348,748)
(33551,4949182426965,256,3528,782)
(33552,4675378261845,256,864,580)
(33553,1651722325427,256,1344,592)
(33554,4952403652019,256,1536,608)
(33555,5500011982259,256,1584,584)
(33556,5502142688691,256,1184,600)
(33557,2491645733107,256,576,540)
(33558,2508819186931,256,576,456)
(33559,6599781598445,256,864,618)
(33560,3301355720627,256,672,432)
(33561,5500311867315,256,768,432)
(33562,6599523602355,256,1728,540)
(33563,4677525745325,256,1152,528)
(33564,5498938240685,256,3864,684)
(33565,5502134300333,256,4248,712)
(33566,1654642876045,256,1344,560)
(33567,1655716617619,256,384,620)
(33568,1670748741299,256,576,504)
(33569,846115024725,256,2256,668)
(33570,1652496174933,256,512,560)
(33571,1393723354965,256,1400,632)
(33572,1667527520085,256,384,464)
(33573,1655717399987,256,384,532)
(33574,1670748745139,256,2016,624)
(33575,2770260365235,256,1152,580)
(33576,1675043704755,256,576,448)
(33577,1395870838445,256,1536,712)
(33578,1256967937827,448,1440,842)
(33579,1274064310051,256,864,714)
(33580,1256967943587,256,576,684)
(33581,1274030763299,256,1440,966)
(33582,1256967951667,384,960,738)
(33583,1256868320563,384,4796,908)
(33584,1244084081971,256,768,712)
(33585,1256917865779,256,576,718)
(33586,1248378524979,384,1152,932)
(33587,1256901350707,256,384,906)
(33588,413938888269,256,1120,496)
(33589,4468200778189,384,2904,760)
(33590,413147969166,384,1440,624)
(33591,430044493517,256,2856,656)
(33592,4538262267341,256,3688,702)
(33593,413680267853,256,864,576)
(33594,689972610509,256,1456,770)
(33595,4538262394317,256,3168,724)
(33596,2339239265741,256,3664,860)
(33597,413934478878,256,1392,512)
(33598,4538279044333,448,2976,872)
(33599,207527385758,448,1884,716)
(33600,2475518765662,256,2256,556)
(33601,344545868446,256,1728,652)
(33602,4468217555181,352,3696,916)
(33603,207794853406,352,1968,748)
(33604,207543187998,256,1728,704)
(33605,4538279171309,384,2576,756)
(33606,430126441715,256,768,580)
(33607,1238307186263,256,512,464)
(33608,4468168009965,384,1824,770)
(33609,2339239527661,256,4236,788)
(33610,1169856144983,256,256,384)
(33611,2339356444397,256,2968,744)
(33612,207844794974,256,960,544)
(33613,4538379576813,256,3498,826)
(33614,2269490465455,256,1824,572)
(33615,4468317956845,256,4506,860)
(33616,4950591718827,256,864,650)
(33617,413680645774,384,1088,560)
(33618,430577170125,256,1184,448)
(33619,413147591245,256,512,480)
(33620,1376159837395,256,1608,724)
(33621,413679524510,448,864,528)
(33622,345279998558,256,384,352)
(33623,345344883358,256,384,432)
(33624,413680653854,352,912,576)
(33625,1169586502174,256,512,560)
(33626,1376218549491,384,1152,756)
(33627,1376008283735,256,576,520)
(33628,1169586121246,256,576,448)
(33629,2491624998519,256,2016,580)
(33630,4682058319479,256,1824,580)
(33631,6598687475319,256,864,448)
(33632,1257504808611,384,384,620)
(33633,1274567564835,256,1776,880)
(33634,4951070266523,384,3376,854)
(33635,1274601180835,256,384,556)
(33636,1255894202019,256,768,716)
(33637,1272957021731,256,1440,982)
(33638,1274567634083,256,576,588)
(33639,1274601442867,384,1872,806)
(33640,1274668043827,256,1152,676)
(33641,1244670365235,256,576,520)
(33642,1248931778099,384,1120,810)
(33643,1257454603827,256,832,652)
(33644,1274568412723,256,1912,782)
(33645,844066493851,384,2328,850)
(33646,1255894210099,352,1440,980)
(33647,1255794578995,256,2640,758)
(33648,1243010340403,256,864,734)
(33649,1255844124211,256,3164,948)
(33650,1247304783411,256,2224,798)
(33651,1255827609139,256,1440,954)
(33652,4951103817115,256,5870,962)
(33653,1257504822451,384,576,652)
(33654,1257405191347,256,1152,596)
(33655,1244620952755,256,576,564)
(33656,1257454736563,256,384,548)
(33657,1248915395763,256,576,544)
(33658,1257438221491,256,576,660)
(33659,844066112923,256,1216,684)
(33660,2486822178419,256,1344,664)
(33661,2486822184179,256,1344,624)
(33662,3311426541171,256,384,588)
(33663,835476686235,256,3408,750)
(33664,1257404668979,256,1964,948)
(33665,1244620430387,256,1608,870)
(33666,1274567642163,256,1152,760)
(33667,1244569963571,256,1312,744)
(33668,1255794062387,256,4852,986)
(33669,1243009823795,256,2672,862)
(33670,826130115021,384,3168,724)
(33671,2475665204691,256,768,664)
(33672,827205948883,256,1624,704)
(33673,2475667138259,256,864,762)
(33674,827203852755,256,2688,824)
(33675,2475665073875,256,2448,852)
(33676,2475600283347,256,6516,764)
(33677,2475665466611,256,864,760)
(33678,2475665212659,256,864,648)
(33679,2475598611699,256,2928,662)
(33680,2475600676083,256,5040,788)
(33681,2491771038195,256,2736,682)
(33682,2508820088307,256,960,520)
(33683,6598766691827,256,3272,680)
(33684,691771419998,256,384,320)
(33685,1173088316766,256,1728,504)
(33686,623320378718,256,384,416)
(33687,2508934261491,256,2016,610)
(33688,2508819957491,256,384,400)
(33689,6599840302573,256,2280,646)
(33690,2475665983219,256,5594,860)
(33691,2491771034355,256,1152,588)
(33692,2491704084211,256,1680,588)
(33693,6599832045037,256,3408,750)
(33694,1274064311971,256,640,628)
(33695,1274030759459,256,1680,874)
(33696,1274064574003,384,2376,806)
(33697,1248394909235,384,1392,810)
(33698,4950592099755,384,3736,850)
(33699,2751568971179,256,2352,764)
(33700,1274030773299,256,1296,834)
(33701,1244033094707,256,1984,688)
(33702,826404285651,256,3372,776)
(33703,4674594057427,256,3990,858)
(33704,4674652769523,256,3460,824)
(33705,4674719624435,256,4190,826)
(33706,9088713403635,256,384,400)
(33707,4707846761715,256,1800,610)
(33708,13195775880435,256,2016,646)
(33709,1385133726283,352,2292,812)
(33710,1658405214795,352,784,576)
(33711,1383535696459,352,1344,672)
(33712,837525396043,352,1728,672)
(33713,425221118539,352,1376,640)
(33714,829535246923,352,4428,876)
(33715,418828999243,352,3024,708)
(33716,1248311674151,448,2480,958)
(33717,1244133631271,256,960,716)
(33718,1248378529063,384,2016,866)
(33719,1248378275111,256,1512,836)
(33720,344953858715,256,1584,576)
(33721,345221293597,256,1120,512)
(33722,1169791593103,384,576,644)
(33723,345228581531,384,864,528)
(33724,345280000605,256,1728,616)
(33725,345344981659,256,1440,672)
(33726,1169783335567,352,1080,776)
(33727,345227614747,352,1184,632)
(33728,345246447133,256,1440,696)
(33729,4468225813135,256,512,480)
(33730,1173074881167,384,1248,584)
(33731,4468201040527,384,1296,652)
(33732,4468267641487,256,1464,656)
(33733,1238429493903,256,704,496)
(33734,1172808542863,384,1248,636)
(33735,1169978452623,256,2304,600)
(33736,688674069079,256,1008,520)
(33737,620223027799,256,1968,600)
(33738,4468326345615,256,1392,660)
(33739,1238430395279,256,1056,520)
(33740,1169979353999,256,1824,584)
(33741,413671180859,256,512,400)
(33742,1169792502447,256,1152,528)
(33743,413679569211,256,384,432)
(33744,413265905278,256,3912,604)
(33745,1173077369975,256,1088,552)
(33746,1238429886639,256,1088,552)
(33747,1241794749559,256,1120,620)
(33748,1169978845359,256,1696,664)
(33749,413165274686,256,1888,632)
(33750,2475519230590,256,3552,672)
(33751,2269270575791,256,1152,588)
(33752,2269303605935,256,1728,684)
(33753,1238430403247,256,1088,552)
(33754,1169979361967,256,2852,656)
(33755,4468343122607,256,1872,720)
(33756,620225644431,256,1552,616)
(33757,688676685711,256,2884,712)
(33758,833796659787,352,1968,672)
(33759,423090412107,352,2880,768)
(33760,4950591719183,384,2304,822)
(33761,705016547115,256,1968,758)
(33762,1391844551311,256,2304,636)
(33763,1392113366615,256,1704,660)
(33764,1391845452687,256,1248,520)
(33765,1392113378423,256,2492,692)
(33766,1391845460655,256,2976,664)
(33767,842358081423,256,2992,740)
(33768,688173226347,448,960,692)
(33769,688206256491,384,864,612)
(33770,207527484059,384,992,576)
(33771,2475518767709,256,992,448)
(33772,207643884187,256,768,464)
(33773,688235157867,352,1080,748)
(33774,207526517275,352,1312,688)
(33775,1376007140893,256,1024,624)
(33776,1375950153935,256,512,480)
(33777,1378960681615,384,2144,720)
(33778,4677494532751,256,768,504)
(33779,5498907028111,256,1088,552)
(33780,4677763348055,256,1536,676)
(33781,5499175843415,256,256,384)
(33782,4677495434127,256,1824,644)
(33783,5498907929487,256,768,520)
(33784,1237962592635,256,768,504)
(33785,413142765693,256,256,384)
(33786,413798581886,256,1696,400)
(33787,1379229508727,256,1808,688)
(33788,4677763359863,256,2216,692)
(33789,5499175855223,256,576,416)
(33790,345246910014,256,1440,560)
(33791,421455315582,256,2112,560)
(33792,4677495442095,256,2640,664)
(33793,5498907937455,256,960,496)
(33794,4675616393103,256,2836,740)
(33795,4949420558223,256,576,432)
(33796,4951070270607,256,2288,746)
(33797,4676192363675,256,2688,862)
(33798,844066505903,256,864,548)
(33799,1257405189671,256,1592,736)
(33800,1257504820775,384,1152,792)
(33801,1244620951079,256,864,590)
(33802,1248915394087,256,1504,848)
(33803,1274552028711,256,832,720)
(33804,1274568543783,256,1912,872)
(33805,4676251067803,256,2072,794)
(33806,1247237932583,256,864,796)
(33807,1243059889703,256,992,688)
(33808,1247304787495,256,2208,896)
(33809,837554755675,256,1248,544)
(33810,1658967251035,256,1120,616)
(33811,1662163310683,256,864,616)
(33812,1247304533543,256,576,792)
(33813,1385163085915,256,1824,700)
(33814,1387293792347,256,512,560)
(33815,4951103817359,256,2968,830)
(33816,1380901673051,256,2868,812)
(33817,6107456114029,544,1840,1066)
(33818,19267370126701,560,2092,1158)
(33819,14321581067629,584,1840,1124)
(33820,20910195117421,624,2092,1206)
(33821,27513573379437,608,1728,1056)
(33822,28608790039917,560,1728,1046)
(33823,20942273416557,624,1744,1100)
(33824,23115543383405,384,976,726)
(33825,30812108001133,384,1200,688)
(33826,827961410971,384,576,738)
(33827,1248848544935,384,576,652)
(33828,1244670502055,256,384,536)
(33829,1248915399847,256,576,548)
(33830,1248915145895,256,384,560)
(33831,27507131714925,592,1728,1032)
(33832,19293006761325,480,1744,1032)
(33833,4676250813851,256,1216,684)
(33834,22561542933869,384,640,716)
(33835,2486822184535,256,1344,632)
(33836,3311426545255,256,384,532)
(33837,2477228066203,256,3408,850)
(33838,23141296418157,384,1600,810)
(33839,1257404673063,256,1876,980)
(33840,1244620434471,256,1536,886)
(33841,1654032379245,256,1872,620)
(33842,4983274653115,256,1728,704)
(33843,4709470487995,256,1584,694)
(33844,3303249489261,256,1872,652)
(33845,876212176315,256,1280,604)
(33846,2753510452589,256,1152,520)
(33847,3301118782829,256,1392,660)
(33848,1658293792109,256,1392,624)
(33849,844066497935,256,2644,786)
(33850,4676225910427,256,4228,930)
(33851,835476817295,256,3480,778)
(33852,3307544462717,256,576,400)
(33853,2349353871203,256,1952,664)
(33854,1384089333331,256,1856,696)
(33855,4709470480271,256,1296,614)
(33856,4983274645391,256,864,500)
(33857,2757805426045,256,1296,580)
(33858,867622487951,256,1440,650)
(33859,1658327352701,256,1440,604)
(33860,2753544013181,256,1392,644)
(33861,2483600959187,256,1392,620)
(33862,3301152343421,256,960,504)
(33863,844166645647,256,3350,874)
(33864,4983249487771,256,1584,588)
(33865,4709445322651,256,2904,762)
(33866,876187010971,256,3636,804)
(33867,628438010563,384,2176,824)
(33868,622170675907,256,960,632)
(33869,628554537667,256,768,712)
(33870,628554410691,256,512,704)
(33871,628437240003,256,2528,846)
(33872,622045120707,256,1680,712)
(33873,628437620931,256,1584,752)
(33874,622111975619,256,1680,632)
(33875,624259578051,256,864,790)
(33876,628437493955,256,2944,906)
(33877,622112102595,256,2280,768)
(33878,691771936494,256,1536,544)
(33879,623320895214,256,960,464)
(33880,1173076708990,256,864,504)
(33881,414775846381,256,576,432)
(33882,826281108973,256,1120,432)
(33883,416919201022,256,1248,400)
(33884,688210352499,256,384,512)
(33885,688177322355,256,384,560)
(33886,4536393931179,256,1600,724)
(33887,4536377416107,256,1152,600)
(33888,4536444017067,256,1632,568)
(33889,4536494332843,256,1640,756)
(33890,1376087476823,256,720,752)
(33891,1376153592919,256,576,548)
(33892,1376153561175,256,1520,560)
(33893,1391993109071,256,1584,694)
(33894,1409307948119,256,960,536)
(33895,3300198361175,256,1152,604)
(33896,1409039931739,256,384,400)
(33897,1203686807899,256,864,464)
(33898,623318281462,256,1408,544)
(33899,1173075930350,256,768,384)
(33900,623320378606,256,384,464)
(33901,1409039833459,256,768,520)
(33902,1203686709619,256,576,496)
(33903,1169868001006,256,704,384)
(33904,620128964334,256,1152,432)
(33905,9346697337179,256,384,512)
(33906,9346796968283,256,768,604)
(33907,1237966783931,256,256,400)
(33908,623332502990,256,576,432)
(33909,621172895182,256,576,416)
(33910,623332470230,256,992,528)
(33911,1169884778110,256,384,400)
(33912,2337477792187,256,1776,692)
(33913,2337444762043,256,2280,716)
(33914,1383404210799,256,1872,570)
(33915,1392192603255,256,768,456)
(33916,3300082911855,256,1520,540)
(33917,1254608738555,256,672,456)
(33918,4540258719995,256,768,464)
(33919,414771717613,256,576,416)
(33920,688842221037,256,2016,504)
(33921,416923329790,256,1664,504)
(33922,5498573297915,256,768,540)
(33923,430617191963,256,3032,816)
(33924,4950592100111,256,4676,874)
(33925,2751568971535,256,2280,860)
(33926,705016928043,256,4188,882)
(33927,2345488557933,256,1296,580)
(33928,2338307999659,256,2920,830)
(33929,2508836865963,256,384,440)
(33930,2371934783403,256,1296,614)
(33931,3307531872109,256,384,400)
(33932,730183403435,256,1440,650)
(33933,1246010484589,256,1440,604)
(33934,3299541722989,256,2176,612)
(33935,2341227145069,256,1312,616)
(33936,1256967951911,448,3168,950)
(33937,1256868320807,256,6874,832)
(33938,1244084082215,256,576,620)
(33939,1256917866023,384,1536,858)
(33940,1248378525223,256,1584,928)
(33941,1256901350951,256,576,930)
(33942,4950592111919,384,3848,806)
(33943,1256867804199,256,3704,966)
(33944,1244083565607,256,1296,820)
(33945,1241715520889,256,2660,684)
(33946,844196005279,256,2952,726)
(33947,4982737782575,256,1152,564)
(33948,4572031534895,256,2400,744)
(33949,3303236908409,256,768,504)
(33950,738773223215,256,2944,762)
(33951,2341193594233,256,3032,660)
(33952,3299541718905,256,3912,664)
(33953,2341227140985,256,1664,664)
(33954,688206255475,256,768,568)
(33955,688235156851,256,880,592)
(33956,4536396028267,384,1216,620)
(33957,4536346483051,256,1320,648)
(33958,4536462883179,256,1520,684)
(33959,2475696628951,384,1840,652)
(33960,2475730175703,256,1872,588)
(33961,9079855844047,256,1152,564)
(33962,2508824282839,256,2184,690)
(33963,10996753401559,256,1824,636)
(33964,2337440665979,256,1632,652)
(33965,2337473696123,256,2088,628)
(33966,4536525789563,256,2060,716)
(33967,2269360073443,256,1248,660)
(33968,4468383297251,256,2856,644)
(33969,361058610915,256,2976,708)
(33970,218116953306,448,2496,796)
(33971,250195252442,256,576,560)
(33972,233048413402,384,1920,684)
(33973,233148815066,256,1296,628)
(33974,213822510298,352,3712,914)
(33975,243753587930,448,1088,716)
(33976,218016941274,384,2496,780)
(33977,250195642074,256,1152,580)
(33978,218116572378,384,3032,848)
(33979,218049971418,448,4784,960)
(33980,250194871514,448,2944,772)
(33981,628821103857,384,864,754)
(33982,628820722929,256,960,728)
(33983,624584463601,256,576,716)
(33984,628754121969,448,1440,882)
(33985,637410516817,448,1280,912)
(33986,622436980177,256,1152,676)
(33987,654456823377,384,672,788)
(33988,624525745745,256,576,744)
(33989,4468399789425,256,576,480)
(33990,4468399789481,384,512,560)
(33991,4468431232361,352,1120,688)
(33992,1169050347175,256,384,512)
(33993,827186564879,256,2244,684)
(33994,4468399775585,384,1024,576)
(33995,2268561973991,256,768,496)
(33996,219727304026,448,3024,900)
(33997,213285639514,384,1952,764)
(33998,245363938650,384,1024,684)
(33999,228200584538,384,2204,812)
