(10000,6599630473470,256,864,588)
(10001,1170922216682,256,1216,592)
(10002,2268561444526,256,512,496)
(10003,220264436857,576,1296,748)
(10004,245900690553,512,1344,668)
(10005,220197454969,624,2368,828)
(10006,220264055929,384,768,584)
(10007,4467584184206,384,704,480)
(10008,2269494414778,448,1088,672)
(10009,4467584192174,384,640,480)
(10010,4467584446126,256,960,560)
(10011,421182248313,384,640,544)
(10012,691765549562,256,1344,560)
(10013,1650080127482,256,2688,680)
(10014,2268560985586,384,960,576)
(10015,352730588918,256,1568,592)
(10016,2268554533370,256,1536,640)
(10017,2270433808270,256,1728,584)
(10018,2270434201006,256,2096,600)
(10019,2270434070190,256,1216,632)
(10020,2270434299118,256,1216,616)
(10021,1237763273210,256,768,520)
(10022,421335180887,448,640,592)
(10023,4469456809870,384,1280,544)
(10024,4467592568718,256,768,512)
(10025,4467592449710,384,960,544)
(10026,4469456948654,256,576,496)
(10027,4469457202606,256,2496,576)
(10028,4469457198766,256,864,584)
(10029,429795616595,384,1440,560)
(10030,4469194600334,384,704,480)
(10031,361066770318,384,1280,544)
(10032,4469202984846,256,768,512)
(10033,4469194608302,384,640,480)
(10034,4468129255086,384,960,544)
(10035,2270180249006,256,576,496)
(10036,4469993615246,384,1440,600)
(10037,4469993623214,384,768,512)
(10038,627608491766,256,2496,608)
(10039,627608495606,256,864,616)
(10040,1170923197662,256,864,504)
(10041,1237763273566,256,2752,672)
(10042,413129552858,256,3192,648)
(10043,416969557619,384,864,636)
(10044,4469456823710,384,896,480)
(10045,4468383212958,384,704,480)
(10046,4469456950686,256,384,400)
(10047,2270433822110,256,1152,496)
(10048,4468383474878,256,1712,512)
(10049,696064362155,384,768,568)
(10050,825508972203,384,512,480)
(10051,421194843819,384,1632,560)
(10052,627346935454,384,448,480)
(10053,352477417118,384,704,480)
(10054,421182444893,384,512,480)
(10055,627355323806,256,384,400)
(10056,1237775850222,256,1344,496)
(10057,691765549806,256,2288,576)
(10058,1237767461626,256,576,512)
(10059,416887642874,256,864,584)
(10060,1241521363582,256,1248,536)
(10061,833499074206,384,1008,612)
(10062,1650080127726,256,1568,528)
(10063,1375202220794,256,3152,656)
(10064,1237767720182,384,640,512)
(10065,1169848120990,256,1152,528)
(10066,207001660790,256,768,528)
(10067,1169848132798,256,1712,544)
(10068,207035213302,256,768,544)
(10069,421322598003,352,1728,708)
(10070,2270434301150,256,960,552)
(10071,2269361080030,256,1600,520)
(10072,2270435083518,256,1440,520)
(10073,825508710283,256,1728,620)
(10074,352477646046,256,544,552)
(10075,421182379373,256,480,552)
(10076,1237775856094,256,1312,520)
(10077,688036819422,256,1376,520)
(10078,1237792633086,256,576,440)
(10079,833499303134,256,1728,654)
(10080,1650080133598,256,2424,658)
(10081,221337916749,480,1888,788)
(10082,246974813293,480,1696,732)
(10083,221220869197,496,1840,820)
(10084,246973649997,512,1792,780)
(10085,221337797741,256,256,480)
(10086,246974420557,256,576,496)
(10087,429853427315,384,1024,584)
(10088,421194835851,256,576,432)
(10089,825508964235,256,384,464)
(10090,833511690123,256,512,464)
(10091,429854328691,256,1008,504)
(10092,833500022699,256,768,416)
(10093,688607791019,256,1152,504)
(10094,414740780381,256,384,384)
(10095,344952458910,256,512,384)
(10096,413670615774,256,1216,416)
(10097,1169915749494,384,512,480)
(10098,1170045242998,256,384,496)
(10099,361066843806,256,256,384)
(10100,1169982794870,256,384,384)
(10101,1169982350454,256,384,416)
(10102,635936362142,256,512,384)
(10103,416887034989,256,256,384)
(10104,414739551565,256,576,416)
(10105,635944750494,256,512,384)
(10106,345009101534,256,768,416)
(10107,635936743070,256,384,416)
(10108,361067224734,256,384,416)
(10109,344975548062,256,384,416)
(10110,635945131422,256,576,416)
(10111,361067236542,256,768,416)
(10112,416888263805,256,512,416)
(10113,691769744094,256,1024,416)
(10114,414769519326,256,576,416)
(10115,207033356669,256,768,416)
(10116,691794909438,256,384,416)
(10117,1241533946110,256,1088,416)
(10118,842088500894,256,1056,512)
(10119,842088881822,256,864,552)
(10120,842088893630,256,768,448)
(10121,827119570142,256,512,512)
(10122,344472296158,256,1728,552)
(10123,348167478942,256,864,552)
(10124,1650084322014,256,576,448)
(10125,829204503262,256,2544,552)
(10126,344472244605,256,768,448)
(10127,1653838223614,256,2280,552)
(10128,207102324650,256,2496,680)
(10129,413152880451,256,1536,616)
(10130,352730943210,256,384,496)
(10131,1375201602794,256,1248,692)
(10132,619287000564,256,1216,616)
(10133,4536393636218,256,576,600)
(10134,413130073774,256,512,600)
(10135,4570120042986,256,832,496)
(10136,1237762488810,256,512,496)
(10137,344474816174,256,384,496)
(10138,688006937066,256,1184,592)
(10139,13194951244266,256,1248,644)
(10140,2474713583278,256,1056,644)
(10141,1650079152618,256,1248,626)
(10142,4536297182650,256,384,520)
(10143,413128582830,256,512,520)
(10144,206970238450,256,1024,584)
(10145,697541101033,448,1440,838)
(10146,207910651322,448,2784,736)
(10147,688141670890,448,2520,796)
(10148,4536494234106,256,6438,780)
(10149,344541409166,384,2576,648)
(10150,2337945456058,448,448,592)
(10151,344541417134,384,1632,648)
(10152,344541671086,256,1408,688)
(10153,4673736322958,384,1008,684)
(10154,241599366586,448,2504,812)
(10155,4673736330926,384,768,640)
(10156,4673736584878,256,2496,764)
(10157,206977928634,448,1472,704)
(10158,2337274435002,384,1888,680)
(10159,4536298150394,256,3144,720)
(10160,413132831450,256,1792,512)
(10161,344946069178,256,384,496)
(10162,4537974888938,384,512,480)
(10163,721830386154,384,1152,648)
(10164,825446569449,384,512,480)
(10165,4570182949370,256,1504,560)
(10166,4570121017850,256,3144,688)
(10167,623046105594,256,1024,448)
(10168,4948681136618,384,1152,716)
