(47000,2270306764631,256,1952,680)
(47001,1170853856631,384,1184,544)
(47002,346050355599,384,1088,544)
(47003,1170853725815,384,672,572)
(47004,620928258447,256,1872,528)
(47005,635959603599,256,1504,640)
(47006,4469201400207,256,384,472)
(47007,2270335927927,256,2352,712)
(47008,2268584944555,256,2152,712)
(47009,2285296289399,256,1680,608)
(47010,621028660111,256,576,528)
(47011,352592290715,256,1584,608)
(47012,620928131471,256,576,544)
(47013,2270194786703,256,864,664)
(47014,2270307026551,256,1824,652)
(47015,2268585135019,256,1728,652)
(47016,620961678223,256,576,544)
(47017,627470197647,256,1152,520)
(47018,208781444527,384,704,464)
(47019,2268720571703,384,768,520)
(47020,2268721088311,256,384,432)
(47021,2268754118455,256,1248,536)
(47022,2268604171575,256,384,432)
(47023,2268703802679,256,832,536)
(47024,2268653716791,256,1648,632)
(47025,2268720317751,256,848,632)
(47026,619825473175,448,960,624)
(47027,619825603991,384,768,544)
(47028,620899214743,256,1248,580)
(47029,635930305943,256,1904,712)
(47030,619825600151,256,832,504)
(47031,620899210903,256,384,556)
(47032,635930302103,256,2000,680)
(47033,635930556055,256,1912,664)
(47034,1185686107799,256,1464,652)
(47035,620899341719,256,1824,652)
(47036,635930686871,256,1584,680)
(47037,1169777828087,384,672,464)
(47038,619825611959,384,576,544)
(47039,207511841295,384,384,464)
(47040,620899222711,384,768,572)
(47041,635930567863,256,2008,712)
(47042,1185686890167,256,1296,608)
(47043,207570545423,256,512,536)
(47044,207637527311,256,576,632)
(47045,635931469239,256,2448,652)
(47046,1185687020983,256,1152,520)
(47047,635930694839,256,3272,696)
(47048,635931465399,256,2188,616)
(47049,1185687017143,256,1488,592)
(47050,619887372701,256,1024,480)
(47051,619828668573,256,1296,548)
(47052,619887368861,256,2000,600)
(47053,345009466013,256,1152,630)
(47054,620902410391,256,576,524)
(47055,619887372951,256,1584,568)
(47056,352475073175,256,1440,536)
(47057,620961110679,256,768,610)
(47058,2270177970583,256,2040,572)
(47059,1177108781719,256,2952,620)
(47060,421194406743,256,768,520)
(47061,1169777822327,256,384,400)
(47062,1169779370103,256,576,368)
(47063,1169777305719,256,864,504)
(47064,1169779401847,256,960,520)
(47065,346033801399,256,384,440)
(47066,619887380669,256,2128,584)
(47067,345009498767,256,512,504)
(47068,345076480655,256,1152,520)
(47069,4471418553783,256,1392,440)
(47070,4469387478455,256,1440,580)
(47071,1169643186365,256,1152,650)
(47072,1177225960125,256,2696,520)
(47073,2269221432207,256,1536,580)
(47074,413946660751,256,384,352)
(47075,620961122487,256,1248,594)
(47076,623108597943,256,3884,624)
(47077,1177225964215,256,864,472)
(47078,1170807721303,384,1136,584)
(47079,1170857135703,256,1344,636)
(47080,1170806819927,256,512,416)
(47081,1170707188823,256,2944,728)
(47082,344977072287,256,384,416)
(47083,2270368761559,256,864,568)
(47084,8873697478359,256,1152,664)
(47085,2285202334111,256,1632,664)
(47086,1185797182583,256,2504,592)
(47087,1170824498295,256,3152,688)
(47088,1170857528439,256,3172,696)
(47089,1170882237559,256,2816,616)
(47090,2270179246495,256,384,400)
(47091,2285210591647,256,576,592)
(47092,346021441751,384,832,584)
(47093,620899217623,256,1344,636)
(47094,2270165872855,256,1776,728)
(47095,4469189391063,256,1152,568)
(47096,2285197734615,256,1632,664)
(47097,4469189402871,256,2168,688)
(47098,2270166655223,256,2848,696)
(47099,4469189783799,256,2480,616)
(47100,2285198127351,256,2336,592)
(47101,346033114263,256,1392,620)
(47102,619887597789,256,2128,648)
(47103,619854044317,256,864,648)
(47104,620961339607,256,3592,690)
(47105,1169593863357,256,2704,648)
(47106,1170667605175,256,1584,682)
(47107,627470387447,256,1632,520)
(47108,421194418551,256,960,528)
(47109,416949767991,256,576,416)
(47110,346033884823,256,768,612)
(47111,619954202839,256,576,576)
(47112,619954450071,256,864,576)
(47113,344960143005,256,1552,620)
(47114,619954445981,256,864,592)
(47115,621028191639,256,864,484)
(47116,627470375639,256,3496,640)
(47117,619954457789,256,1792,592)
(47118,619955366135,256,2240,576)
(47119,621028199607,256,1152,616)
(47120,627470641399,256,3240,624)
(47121,1177226193143,256,1392,472)
(47122,621029103863,256,1152,616)
(47123,352592734461,256,1152,640)
(47124,2285210573215,256,1392,440)
(47125,22163126270787,784,3188,1418)
(47126,22300028353347,736,2400,1240)
(47127,2291411851385,544,2468,1024)
(47128,22301624318787,768,2088,1306)
(47129,26682490960707,704,1752,1108)
(47130,2273825266203,448,1440,846)
(47131,22300565224131,720,1996,1194)
(47132,26545058265923,656,1784,1044)
(47133,22164191624003,756,2756,1350)
(47134,30787961666243,736,3252,1356)
(47135,2287653755497,448,3586,1198)
(47136,22164185430851,736,2898,1226)
(47137,26545052072771,544,928,892)
(47138,30789035276995,720,2468,1204)
(47139,2289800977001,448,3920,1094)
(47140,22576508353219,688,2552,1114)
(47141,22164198006659,544,2464,1076)
(47142,22164204199811,544,2104,1048)
(47143,30789035407811,512,2732,1172)
(47144,2271660874441,384,3272,960)
(47145,22576508477315,384,1664,844)
(47146,207082905718,256,384,706)
(47147,22301624381315,688,1488,1072)
(47148,26682491023235,688,1632,1040)
(47149,30789572082371,592,1860,1192)
(47150,2291411393129,448,2288,1078)
(47151,22576502284163,384,1200,738)
(47152,2308587493689,256,576,802)
(47153,2305361812300,352,1080,1002)
(47154,2303763782476,384,576,812)
(47155,2304829135692,448,960,900)
(47156,207619509005,256,512,792)
(47157,2308587100953,256,576,688)
(47158,207618926883,256,384,616)
(47159,346336021782,448,784,768)
(47160,209433939222,448,2292,1074)
(47161,414787063062,448,1440,920)
(47162,209433941142,448,2292,1022)
(47163,346336023702,448,784,688)
(47164,414787064982,448,1584,840)
(47165,2306985335097,512,1008,950)
(47166,2305374264012,384,864,770)
(47167,2291411753273,512,1008,928)
(47168,2305366006476,384,1248,860)
(47169,2273824774748,384,864,890)
(47170,2271673097036,384,1632,894)
(47171,2307522366638,448,672,700)
(47172,2288199928158,384,2660,1170)
(47173,2271685483340,384,864,914)
(47174,2290347149662,384,2064,1054)
(47175,2289798781368,512,1248,1008)
(47176,2291409197496,432,1320,1188)
(47177,2287651559864,544,1152,1104)
(47178,243907350188,576,2144,1092)
(47179,2291380296476,384,576,814)
(47180,2308587228950,256,256,552)
(47181,2291380296120,432,1776,1120)
(47182,2273818483128,256,576,800)
(47183,207023920780,384,768,944)
(47184,2305362139929,416,1560,1092)
(47185,2304829463321,384,864,894)
(47186,207023920786,384,768,800)
(47187,2305366268697,256,576,794)
(47188,2273824774937,384,864,864)
(47189,2288190528281,416,1296,1070)
(47190,2308587720231,256,256,432)
(47191,13314944153485,672,2924,1238)
(47192,22093999781773,672,3122,1262)
(47193,22093991524237,672,2782,1210)
(47194,30821239142285,576,2700,1036)
(47195,2288199928591,384,2344,1090)
(47196,2290337779370,352,816,824)
(47197,2271590613731,384,3128,1132)
(47198,4570156914334,384,3088,934)
(47199,4501705873054,384,2384,826)
(47200,13194988115614,384,4638,962)
(47201,2288190557866,384,864,696)
(47202,4467631613110,256,2088,854)
(47203,30821239142291,576,1704,904)
(47204,2288191539883,384,2064,980)
(47205,2271594742499,384,2168,930)
(47206,4570165171870,384,1584,734)
(47207,4501714130590,384,864,650)
(47208,13194996373150,384,1440,782)
(47209,247111798194,512,1824,928)
(47210,2289798781724,416,1368,972)
(47211,2305362267926,256,480,848)
(47212,247111786324,416,1408,924)
(47213,2287651560220,416,1152,964)
(47214,2308558327574,384,384,724)
(47215,229940174676,560,2096,1080)
(47216,207611120409,256,576,708)
(47217,2308570713522,256,256,656)
(47218,344458848556,256,2668,1092)
(47219,344508912300,256,2096,872)
(47220,233029806932,512,3454,1124)
(47221,2289798781612,416,1632,978)
(47222,233029552980,460,3990,1356)
(47223,2287651560108,360,1920,1142)
(47224,2308570713878,256,384,676)
(47225,233029585802,448,1632,980)
(47226,2273818483484,256,384,674)
(47227,2291419746070,256,384,604)
(47228,2288198913814,256,384,760)
(47229,22162342942381,574,3346,1500)
(47230,22093891901101,502,2394,1347)
(47231,620256908972,360,952,780)
(47232,346452743852,360,2790,1087)
(47233,22093891899166,556,1952,1236)
(47234,22162375972525,600,1528,1056)
(47235,22093924931245,592,1528,1098)
(47236,26561169889907,528,1560,984)
(47237,620258973356,416,768,656)
(47238,346454808236,416,1728,922)
(47239,26474858172190,448,2866,1386)
(47240,26680743972638,448,3004,1341)
(47241,258923312981,384,1376,848)
(47242,209550661292,360,2112,976)
(47243,209552725676,416,1648,852)
(47244,218000590730,448,5032,1212)
(47245,217998493524,504,4746,1368)
(47246,344458488168,352,7668,1060)
(47247,2308558327218,256,480,924)
(47248,218000557908,256,2232,800)
(47249,2291419745714,256,576,680)
(47250,224436697994,352,2592,940)
(47251,344588380524,352,2752,1032)
(47252,429789821834,352,3696,1042)
(47253,361338780554,352,1728,784)
(47254,207124707156,256,720,1034)
(47255,223637682004,256,2080,838)
(47256,4570140391253,256,3726,1122)
(47257,4501689349973,256,2368,927)
(47258,13194971592533,256,2592,896)
(47259,620256908978,416,2790,1008)
(47260,346452743858,416,952,656)
(47261,620258973362,384,2016,824)
(47262,346454808242,384,384,504)
(47263,209550661298,416,1872,852)
(47264,209552725682,384,1824,700)
(47265,2303764110105,448,1248,978)
(47266,2291411360537,448,960,976)
(47267,2290347150095,384,1840,996)
(47268,2290346167722,448,768,760)
(47269,4467631599026,256,1872,876)
(47270,30821775947661,576,1880,944)
(47271,2290347149739,384,2000,996)
(47272,2271582356195,384,3128,1022)
(47273,4501689357982,384,2160,778)
(47274,13194971600542,384,3696,870)
(47275,247103401812,544,1824,948)
(47276,2291409197852,448,1056,980)
(47277,2307492974358,384,384,724)
(47278,344521362204,256,1968,956)
(47279,245971193684,544,2592,1226)
(47280,2291405069084,448,1248,1090)
(47281,2290346135318,256,256,716)
(47282,414874883756,448,864,768)
(47283,346423842476,448,2424,1034)
(47284,209521759916,448,1440,908)
(47285,218017367666,496,2112,1236)
(47286,218015270572,512,1872,1160)
(47287,344433715560,384,1344,888)
(47288,2305362267570,384,384,816)
(47289,218017334956,384,768,848)
(47290,2288198913458,256,256,728)
(47291,4536881262308,256,1600,886)
(47292,4536881265545,256,1248,838)
(47293,344559479148,352,2752,1048)
(47294,4673783344868,256,576,668)
(47295,429818785508,256,1088,760)
(47296,429818788745,256,1392,838)
(47297,4673783348105,256,256,464)
(47298,207141222228,384,576,928)
(47299,4467602250354,256,1392,838)
(47300,4570156906325,256,1440,848)
(47301,13194988107605,256,1280,772)
(47302,4467631154610,256,1360,912)
(47303,224529606066,256,2016,910)
(47304,361431689580,256,1536,712)
(47305,361431688626,256,576,616)
(47306,4467631143818,256,1488,864)
(47307,346423843436,448,2424,936)
(47308,414874884716,448,864,616)
(47309,209521759922,448,1584,756)
(47310,2308587559097,544,2416,1038)
(47311,2308587559453,448,1808,798)
(47312,2288197831447,384,2224,1084)
(47313,2288197831335,384,1632,972)
(47314,2304829004520,448,1692,1238)
(47315,2304829004632,448,1152,1032)
(47316,207023920724,384,768,864)
(47317,4467631217306,256,2088,790)
(47318,344462782865,256,864,764)
(47319,344462777105,256,864,732)
(47320,22093891901086,544,2416,1168)
(47321,22093891902046,688,3236,1276)
(47322,22162342943341,712,3124,1206)
(47323,22093891902061,640,3084,1248)
(47324,22093891905886,544,1584,862)
(47325,22093891904926,384,864,778)
(47326,22162375973485,416,1528,900)
(47327,22093924932205,384,864,762)
(47328,22093891899187,576,2200,1044)
(47329,22093891899181,528,1860,984)
(47330,26561169893747,576,1664,814)
(47331,209550855540,384,1152,740)
(47332,346452938100,384,1152,732)
(47333,26474858175070,672,2990,1200)
(47334,26474858174110,672,2878,1200)
(47335,26680743974558,672,2740,1146)
(47336,414903979380,384,1152,764)
(47337,2290332469934,384,1440,1132)
(47338,207057662796,256,576,836)
(47339,224436696978,384,1872,816)
(47340,207686365593,256,864,712)
(47341,361338779538,384,1728,720)
(47342,429789820818,384,3456,894)
(47343,207124707212,256,720,910)
(47344,4467602242386,256,4256,886)
(47345,2269711565548,384,4088,1152)
(47346,4570140391309,384,3120,936)
(47347,13194971592589,384,2720,808)
(47348,207057670764,256,384,774)
(47349,4467631614259,256,576,660)
(47350,4536881265377,256,1248,706)
(47351,4536881262476,256,1600,762)
(47352,207686359833,256,864,664)
(47353,4673783347937,256,256,352)
(47354,429818788577,256,1392,730)
(47355,429818785676,256,1088,636)
(47356,4673783345036,256,576,596)
(47357,2290332469690,384,1152,1016)
(47358,207141222290,384,576,776)
(47359,4467602254194,256,1392,706)
(47360,2269715694316,384,4088,938)
(47361,4570156906387,384,1584,734)
(47362,13194988107667,384,1280,656)
(47363,4467631151786,256,1488,732)
(47364,223635585938,256,3376,938)
(47365,2303763651304,448,1440,1096)
(47366,4467631206290,256,1616,748)
(47367,344520585617,256,864,712)
(47368,688691629428,384,1152,764)
(47369,414887464308,384,1728,756)
(47370,207057638004,256,384,662)
(47371,4467631339397,256,576,604)
(47372,4536881262497,384,3176,934)
(47373,207735905049,256,864,728)
(47374,4673783345057,384,768,552)
(47375,429818785697,384,3404,910)
(47376,2288185248186,384,3024,1032)
(47377,207141222284,384,576,776)
(47378,2269703308012,384,2304,938)
(47379,4570156906381,384,1920,830)
(47380,4501705865101,384,864,650)
(47381,13194988107661,384,960,656)
(47382,224529607026,256,1120,778)
(47383,361431689586,256,576,504)
(47384,361431688564,256,576,616)
(47385,4467631142802,256,1360,788)
(47386,4467600153204,256,1968,814)
(47387,2290347412015,256,1896,876)
(47388,2271674108750,256,2524,1042)
(47389,2271590744547,256,2944,1028)
(47390,2291412306542,256,2064,802)
(47391,2323628821167,256,1528,836)
(47392,2320407988911,256,2480,968)
(47393,15446854215134,448,3424,1098)
(47394,15444979493342,448,2952,1032)
(47395,15444975301107,448,3246,1056)
(47396,30821231896030,384,1136,742)
(47397,30821776958942,384,3124,920)
(47398,30821240153566,384,2272,882)
(47399,2320378628958,256,2524,1066)
(47400,2323591203678,256,2524,1034)
(47401,15446858534366,448,3584,1000)
(47402,15444987877875,352,2854,1110)
(47403,30821777149406,384,3216,912)
(47404,30822850760158,256,960,724)
(47405,2305463683934,256,3040,1112)
(47406,2305492585310,256,2476,956)
(47407,688584805496,448,1344,864)
(47408,825486888056,448,1344,832)
(47409,414780640376,448,1152,824)
(47410,2305374394828,512,1008,876)
(47411,2306984876841,384,864,826)
(47412,2271685679564,256,576,728)
(47413,2304829397801,384,1152,992)
(47414,2305362074409,384,1152,988)
(47415,207057740374,256,384,814)
(47416,2304825269033,384,1248,958)
