(55000,833936985331,352,768,576)
(55001,833936985325,448,896,528)
(55002,1377233448147,256,576,540)
(55003,1376965172435,256,1152,666)
(55004,344428588813,256,1568,600)
(55005,4673740618445,256,1696,528)
(55006,1377233575123,384,1008,620)
(55007,1376965045459,384,1632,720)
(55008,207526030093,384,1024,640)
(55009,1375891434707,256,576,548)
(55010,1377283902707,352,1080,768)
(55011,1377023757555,352,1872,878)
(55012,207789529886,352,1280,672)
(55013,352731179806,256,512,464)
(55014,413259053854,256,576,528)
(55015,1377292160243,448,960,708)
(55016,1377015500019,448,1440,826)
(55017,207788628510,448,1248,624)
(55018,1169848711710,256,768,600)
(55019,1375950146803,256,384,580)
(55020,1376008283791,256,576,464)
(55021,4674542134871,256,640,504)
(55022,215295976222,256,864,584)
(55023,2491624998575,256,2016,652)
(55024,4682058319535,256,1680,620)
(55025,6598687475375,256,864,520)
(55026,438778763113,352,2204,1006)
(55027,449499936105,384,1704,826)
(55028,3334524545251,256,960,862)
(55029,438782955369,256,1824,686)
(55030,464419589993,256,1824,726)
(55031,3336122575075,256,576,710)
(55032,3310369540323,256,576,694)
(55033,432390836073,384,2358,1010)
(55034,449504644969,448,2540,890)
(55035,1257504808590,256,384,588)
(55036,3334511962723,256,384,750)
(55037,1274567564814,256,1976,934)
(55038,3308758927971,256,1152,788)
(55039,4954291098779,384,2964,766)
(55040,3308758933843,256,576,868)
(55041,434487995753,448,2966,990)
(55042,464419073385,448,2780,914)
(55043,3336134961379,256,384,666)
(55044,432357289321,384,1920,930)
(55045,449504128361,448,2768,954)
(55046,1257380023950,256,384,724)
(55047,3334524349027,256,960,968)
(55048,439319826153,448,2496,882)
(55049,464956460777,256,1200,654)
(55050,1247237539470,256,384,572)
(55051,3336122378851,256,864,844)
(55052,1255768894990,256,384,906)
(55053,3310369344099,256,864,896)
(55054,3309824287059,256,576,640)
(55055,1257379507342,256,576,732)
(55056,3308750545491,256,576,888)
(55057,3351167281395,256,576,648)
(55058,3336135936243,256,576,698)
(55059,3336127678707,256,576,660)
(55060,3310499301619,256,864,726)
(55061,3342577600755,256,1440,846)
(55062,442470008173,424,1908,924)
(55063,472467686765,464,1528,848)
(55064,459583817069,448,1344,864)
(55065,1257396801054,352,1824,982)
(55066,831157470619,352,2752,924)
(55067,1257496432158,256,1296,816)
(55068,1244620950814,256,768,682)
(55069,1248915393822,256,1536,934)
(55070,1257454734622,256,928,812)
(55071,1257429831198,256,1608,914)
(55072,3334525323891,256,720,1062)
(55073,3334517066355,256,576,886)
(55074,3308888689267,256,576,808)
(55075,3304469071987,256,864,944)
(55076,3308788287603,256,2272,740)
(55077,3334525329651,256,720,986)
(55078,4954324649371,256,2304,886)
(55079,3334512877939,256,576,730)
(55080,3308880437491,256,576,856)
(55081,3308759843187,256,864,924)
(55082,442474202349,448,1552,752)
(55083,472471880941,448,1312,660)
(55084,459588011245,448,1120,692)
(55085,3351154698867,256,576,694)
(55086,1247237801502,384,864,810)
(55087,831182243227,384,2040,768)
(55088,1247229543966,256,864,608)
(55089,1243059885598,256,768,580)
(55090,1247296398878,384,768,794)
(55091,1247304783390,256,576,612)
(55092,1247304402462,256,384,794)
(55093,3336123353715,384,576,936)
(55094,3336127482483,256,384,616)
(55095,3310486719091,256,384,806)
(55096,3342565018227,256,864,920)
(55097,3306079488115,256,640,674)
(55098,3310386317427,256,960,690)
(55099,3336123359475,384,576,844)
(55100,4954349802907,384,2088,758)
(55101,3335586488691,256,384,680)
(55102,3310486724851,256,384,602)
(55103,3342565023987,256,864,872)
(55104,3309833453939,256,864,762)
(55105,1248840156318,256,576,628)
(55106,1244670370974,256,576,516)
(55107,1248915395742,256,576,588)
(55108,1248906757278,256,576,692)
(55109,4954325030299,256,1360,764)
(55110,3334512747123,256,576,798)
(55111,3308876112499,256,864,816)
(55112,2761700085107,256,1392,588)
(55113,3311439121779,256,576,618)
(55114,2755301901723,256,8950,814)
(55115,1257404668958,256,1824,942)
(55116,1244620430366,256,1368,850)
(55117,3304464752755,256,864,932)
(55118,3308775710835,256,1992,788)
(55119,3308759712371,256,864,908)
(55120,3342577404531,256,1440,1042)
(55121,3306067101811,256,576,920)
(55122,3310398703731,256,2320,820)
(55123,3325393412339,256,768,898)
(55124,3310362067187,256,576,836)
(55125,1257379515422,256,1152,952)
(55126,1244495645726,256,1632,928)
(55127,3304456495219,256,960,852)
(55128,3308750938227,256,2640,852)
(55129,3308751454835,256,1296,1008)
(55130,833645390291,256,2412,838)
(55131,833647454675,256,1968,710)
(55132,833645517267,256,864,690)
(55133,833578535379,256,2544,764)
(55134,429786250062,256,1408,528)
(55135,833645517261,256,864,650)
(55136,833647454669,256,2412,886)
(55137,833645390285,256,1968,770)
(55138,833578535373,256,3456,704)
(55139,416905673293,256,512,448)
(55140,2270985162638,256,960,592)
(55141,842170320109,256,2736,628)
(55142,833637140717,256,1088,620)
(55143,842237301997,256,1680,628)
(55144,842235205875,256,2208,676)
(55145,4468397692702,256,640,464)
(55146,842162062573,256,1728,620)
(55147,833645398253,384,1024,520)
(55148,842237302003,256,1248,500)
(55149,842235205869,256,2208,560)
(55150,833695844851,256,1728,620)
(55151,1238312852126,256,256,352)
(55152,4468398660446,256,768,432)
(55153,826114926167,256,1392,504)
(55154,833695844845,256,2304,676)
(55155,4468398137118,256,384,464)
(55156,2476738811603,256,384,464)
(55157,2476470381011,256,2448,818)
(55158,2476740875987,256,384,352)
(55159,2476472445395,256,1872,718)
(55160,413684936269,256,1624,640)
(55161,2475522729677,256,1152,616)
(55162,1650623047767,384,640,480)
(55163,826130115027,256,960,588)
(55164,2476730427091,256,384,564)
(55165,2476614026963,256,768,620)
(55166,826014492759,384,2976,640)
(55167,2476470507987,256,768,480)
(55168,2476403526099,256,2496,836)
(55169,826280831063,384,1184,552)
(55170,2475396770259,256,384,524)
(55171,415558211277,256,640,488)
(55172,430052588366,256,832,432)
(55173,413273275214,256,2448,644)
(55174,2476738942419,256,256,320)
(55175,2476461992659,256,768,624)
(55176,413684460109,256,864,568)
(55177,827205948877,256,1640,724)
(55178,2476738815443,256,1440,760)
(55179,2476470377171,256,960,628)
(55180,2475396639443,256,960,712)
(55181,827203852749,256,1392,572)
(55182,2476740879827,256,576,644)
(55183,2476674024915,256,2096,644)
(55184,2476472441555,256,384,560)
(55185,2476347656915,256,768,704)
(55186,2475398703827,256,576,584)
(55187,415557688909,256,928,520)
(55188,1376019266125,256,576,520)
(55189,413709613645,256,384,416)
(55190,2475329784531,256,1584,732)
(55191,2339702542222,256,640,496)
(55192,431663259533,256,1312,552)
(55193,2476739204339,256,640,464)
(55194,2476464449779,256,864,730)
(55195,207791626014,256,960,560)
(55196,421450655518,256,1520,600)
(55197,413261149982,256,1728,712)
(55198,1650623564375,256,544,496)
(55199,2476738823411,256,1224,696)
(55200,2476672222451,256,1632,628)
(55201,2476666029299,256,1296,676)
(55202,2476470388979,256,2160,810)
(55203,826015009367,256,3420,724)
(55204,2476397594867,256,1728,664)
(55205,2476403788019,256,4428,844)
(55206,826281347671,256,1288,648)
(55207,4537115072286,256,704,464)
(55208,207920158494,256,1296,620)
(55209,2476730819827,256,576,620)
(55210,1650623818327,384,448,416)
(55211,2476740887795,384,864,588)
(55212,2476663964915,256,384,440)
(55213,2476674286835,256,928,616)
(55214,2476791203571,256,1376,676)
(55215,2476472834291,256,1152,596)
(55216,2476472453363,384,1728,726)
(55217,826015041111,384,1512,644)
(55218,2476405852403,256,1872,626)
(55219,2476395530483,256,1152,688)
(55220,2476473354739,256,2736,838)
(55221,2475399096563,256,576,580)
(55222,826281379415,384,1248,552)
(55223,414755362206,256,832,432)
(55224,1238581287518,256,384,464)
(55225,4537116040030,256,1088,544)
(55226,352860679070,256,256,320)
(55227,2269223496606,256,2016,572)
(55228,207820593758,256,384,400)
(55229,207921126238,256,2304,652)
(55230,344570641054,256,1152,596)
(55231,2475396778227,256,576,588)
(55232,2475332241651,256,1152,588)
(55233,2475330177267,256,1488,692)
(55234,2750134667863,256,384,464)
(55235,2475281918607,256,384,520)
(55236,2478477978255,256,1392,584)
(55237,2491504731635,256,1872,650)
(55238,2508549589491,256,1152,564)
(55239,6598766691821,256,864,588)
(55240,4469475628446,256,1152,488)
(55241,1170957610355,256,512,384)
(55242,1173088316787,256,1568,496)
(55243,623349280115,256,864,560)
(55244,2285484742558,256,1056,432)
(55245,2353935783838,256,2576,560)
(55246,4536911632286,256,1152,504)
(55247,2337955485598,256,1296,604)
(55248,6598433019806,256,768,520)
(55249,2476739724787,256,2388,760)
(55250,2476520704755,256,2952,852)
(55251,4537115516702,256,1056,632)
(55252,1245821773598,256,384,464)
(55253,1177370732318,256,768,608)
(55254,207920602910,256,960,628)
(55255,219056154398,256,576,584)
(55256,2508667954931,256,2928,714)
(55257,2508549458675,256,864,560)
(55258,6599840302579,256,2144,680)
(55259,2475399613171,256,1584,728)
(55260,2491504727795,256,384,448)
(55261,2491437714163,256,576,488)
(55262,6599832045043,256,640,548)
(55263,830009567319,384,1600,704)
(55264,2752145198797,256,864,650)
(55265,209406040781,256,864,572)
(55266,361335208782,256,1696,528)
(55267,2477267422925,256,2412,838)
(55268,2477269487309,256,1968,710)
(55269,209405073997,256,384,604)
(55270,1375220251213,256,768,616)
(55271,225511120781,256,2704,648)
(55272,830010083927,256,2348,800)
(55273,4536848733982,256,512,464)
(55274,2752170364141,256,576,580)
(55275,830010115671,384,1576,688)
(55276,346304320926,256,256,432)
(55277,1169861810846,256,384,464)
(55278,4536849701726,256,1568,544)
(55279,1169978210974,256,384,432)
(55280,4678299740759,256,2460,664)
(55281,346432853406,256,768,488)
(55282,4468460591006,256,1824,504)
(55283,2269504444318,256,832,464)
(55284,6598699358110,256,1056,520)
(55285,4536849178398,256,1072,632)
(55286,1246088111902,256,768,608)
(55287,438703523689,352,1408,906)
(55288,455817332585,384,864,704)
(55289,3318426544355,256,576,782)
(55290,439240394473,448,1408,954)
(55291,456354203369,384,864,744)
(55292,1248253347470,256,576,644)
(55293,3335589702243,256,576,916)
(55294,1256842632718,256,576,858)
(55295,3309836667491,256,576,722)
(55296,3310361092435,256,864,658)
(55297,3352232634611,256,576,696)
(55298,3326479599859,256,864,766)
(55299,442428073069,384,576,708)
(55300,459575428717,384,576,692)
(55301,3350622022259,256,576,802)
(55302,693743289771,384,2232,768)
(55303,1247237932318,384,864,810)
(55304,1247304787230,384,1392,794)
(55305,3335590677107,384,576,936)
(55306,3324868987507,256,576,764)
(55307,3305542682739,256,576,822)
(55308,3309837125747,256,576,578)
(55309,4954349737387,384,3868,758)
(55310,3336123294067,384,576,844)
(55311,3342032347379,256,576,844)
(55312,3310370259315,256,576,762)
(55313,2755326608811,256,2352,772)
(55314,3343642757747,256,576,944)
(55315,3343642763507,256,576,724)
(55316,3324856410739,256,864,896)
(55317,1247179228190,256,576,866)
(55318,1242942587934,256,768,712)
(55319,3305530105971,256,576,850)
(55320,3309824548979,256,576,598)
(55321,3309825065587,256,576,874)
(55322,842409356499,256,2544,770)
(55323,842409356493,256,3296,830)
(55324,842509885133,256,3534,788)
(55325,421200638669,256,864,604)
(55326,842459811053,256,1776,668)
(55327,842459811059,256,2208,716)
(55328,842410265837,384,576,520)
(55329,842526665971,256,1940,676)
(55330,4536847604638,256,1408,544)
(55331,1375870922383,256,1920,564)
(55332,842526665965,256,2132,692)
(55333,1238312361502,256,1248,512)
(55334,4537927114142,256,2592,624)
(55335,4675667668179,256,768,448)
(55336,4675399392467,256,4866,814)
(55337,413684838157,256,2056,688)
(55338,826404285645,256,1776,644)
(55339,4675667795155,256,2272,740)
(55340,4675768200659,256,1424,596)
(55341,4675399265491,256,2720,656)
(55342,4675499797971,256,3440,740)
(55343,4674325654739,256,2776,680)
(55344,415557590797,256,1248,568)
(55345,421999653581,256,256,400)
(55346,413743166157,256,864,464)
(55347,4675726380275,256,640,496)
(55348,4675449720051,256,2664,782)
(55349,207520225822,256,1280,592)
(55350,417155692062,256,1728,656)
(55351,4675718122739,256,2040,716)
(55352,1650624040535,384,384,416)
(55353,4675668577523,384,1200,588)
(55354,4675784977651,256,832,620)
(55355,4675457977587,256,1584,676)
(55356,1376819875415,384,1920,644)
(55357,4675400174835,384,2016,726)
(55358,4675524959475,256,3536,838)
(55359,4674384366835,256,1440,668)
(55360,1376819875471,384,1136,552)
(55361,346035886494,256,880,496)
(55362,4468130225054,256,832,432)
(55363,1169980307102,256,1728,572)
(55364,417285191326,256,256,320)
(55365,207652690846,256,2172,652)
(55366,413290116766,256,1152,596)
(55367,5498913697423,256,256,320)
(55368,4677501202007,256,1280,504)
(55369,4677501202063,256,1920,596)
(55370,4675793362163,256,2032,716)
(55371,4675516574963,256,1584,768)
(55372,1238580764190,256,1376,560)
(55373,207819626014,256,576,480)
(55374,4674451221747,256,2100,728)
(55375,9088445000947,256,384,400)
(55376,4707578359027,256,2016,638)
(55377,13195775880429,256,1344,548)
(55378,4469476072862,256,768,504)
(55379,4471623196254,256,864,654)
(55380,4540074237534,256,384,384)
(55381,346433297822,256,1184,552)
(55382,1169925838494,256,576,564)
(55383,2269403911838,256,256,320)
(55384,5499187797662,256,384,504)
(55385,4676204473549,256,2808,770)
(55386,209405452045,256,384,628)
(55387,2474731877069,256,576,472)
(55388,4951132703981,256,1944,668)
(55389,830010560087,384,2232,688)
(55390,414753266078,256,384,496)
(55391,4468396563358,256,864,432)
(55392,348567811742,256,384,432)
(55393,842894429839,256,1488,616)
(55394,1169861320222,256,832,560)
(55395,414884339102,256,576,552)
(55396,1238376879774,256,384,432)
(55397,2269403912798,256,384,416)
(55398,5499187830366,256,384,504)
(55399,861152160979,256,3956,692)
(55400,828025023693,256,864,626)
(55401,844015770835,256,2096,620)
(55402,861277466067,256,4434,804)
(55403,861177842931,256,1632,588)
(55404,1173625187571,256,1520,496)
(55405,623886150899,256,864,624)
(55406,844133080307,256,1296,596)
(55407,4709467499757,256,864,448)
(55408,4709444791533,256,1920,638)
(55409,876211252467,256,1280,524)
(55410,4984347466989,256,2592,666)
(55411,1170739767495,384,768,584)
(55412,1170857076967,256,720,648)
(55413,689887135503,256,384,588)
(55414,635930569495,256,1632,588)
(55415,635930696471,256,2096,616)
(55416,1170865334503,384,576,552)
(55417,635931478839,256,2176,612)
(55418,440393569753,448,2256,1056)
(55419,466030204377,448,1632,848)
(55420,621196007959,256,2144,680)
(55421,689915484687,256,1488,736)
(55422,346118628999,448,1648,704)
(55423,8867241835143,384,1152,700)
(55424,690082752327,256,864,762)
(55425,1170725087879,256,2208,872)
(55426,690082720583,256,1296,718)
(55427,1170727184007,256,1248,872)
(55428,8867266640455,256,3616,818)
(55429,4469284874919,352,1320,860)
(55430,621198235919,256,1248,568)
(55431,689915615503,256,1664,640)
(55432,621196528407,256,1408,728)
(55433,4469227072167,256,1488,796)
(55434,4469326703271,256,1440,624)
(55435,620930190103,256,1296,762)
(55436,621196138775,256,1600,620)
(55437,620929800471,256,1296,668)
(55438,621198625551,256,1792,712)
(55439,689916005135,256,864,798)
(55440,621296540439,256,1312,528)
(55441,1170850654887,256,864,920)
(55442,4469328799399,384,768,660)
(55443,621196921143,384,1600,600)
(55444,4469229169255,256,1824,788)
(55445,4469229168295,256,1552,750)
(55446,689916397871,384,960,660)
(55447,4469351856807,256,2072,764)
(55448,4570451617639,256,1392,576)
(55449,2354198399791,256,768,528)
(55450,829618992327,384,896,576)
(55451,829400885479,352,720,576)
(55452,1651958798863,256,1872,584)
(55453,1377227322567,384,1488,700)
(55454,1651031487687,384,1008,660)
(55455,1652038211783,256,2268,832)
(55456,1651769809095,256,1728,816)
(55457,1377009215719,352,2664,860)
(55458,1650813380839,352,1080,804)
(55459,1651958929679,256,1968,616)
(55460,1651690883863,256,576,616)
(55461,1651690494231,256,1984,668)
(55462,1651959319311,256,576,632)
(55463,4950225115927,256,2144,664)
(55464,1652106007783,256,2712,872)
(55465,1651959712047,384,1936,672)
(55466,4956935998255,256,640,504)
(55467,2766502677295,256,2472,684)
(55468,6599760988975,256,1872,660)
(55469,690039076039,256,1656,778)
(55470,2270217840839,256,2268,904)
(55471,1239388409103,256,1600,664)
(55472,1170937367823,256,1536,736)
(55473,1239389179663,256,1696,680)
(55474,1170938138383,256,1152,734)
(55475,621296635671,256,1776,652)
(55476,4469366536423,256,2388,796)
(55477,1652044500167,256,2268,848)
(55478,1651959024911,256,1936,696)
(55479,1651959795471,256,1344,568)
(55480,4950493646607,256,2016,660)
(55481,4954291097103,256,2080,628)
(55482,439319832025,448,2472,1008)
(55483,464956466649,384,1696,768)
(55484,831182178063,256,1296,652)
(55485,859550069959,256,2800,784)
(55486,1652088295191,256,768,384)
(55487,1652088687927,256,1376,512)
(55488,1376827133463,256,2160,688)
(55489,829218803223,256,2160,664)
(55490,827088096791,256,5560,800)
(55491,1651962990103,256,768,448)
(55492,1651696651799,256,2192,568)
(55493,827473835207,256,2464,744)
(55494,2476640478407,256,1632,772)
(55495,2750444643527,256,928,496)
(55496,2751518381255,256,1632,724)
(55497,346840217223,256,1536,608)
(55498,1376827264279,256,1504,592)
(55499,829218934039,256,2240,696)
(55500,827088227607,256,4048,832)
(55501,1376828034839,256,1088,568)
(55502,829219704599,256,2736,616)
(55503,827088998167,256,3520,752)
(55504,1651963120919,256,1472,624)
(55505,1651963891479,256,832,448)
(55506,1651696782615,256,2784,728)
(55507,1651697553175,256,2432,568)
(55508,5499995213591,256,1632,652)
(55509,4952386883351,256,1680,664)
(55510,4950256176919,256,5208,760)
(55511,5499995606327,256,1600,480)
(55512,4952387276087,256,2192,632)
(55513,4950256569655,256,4744,776)
(55514,2751568708839,256,1296,668)
(55515,2783445460199,256,384,440)
(55516,2783697093863,256,864,544)
(55517,6599781729511,256,864,640)
(55518,1652495666711,256,1760,584)
(55519,1652577176775,256,1776,736)
(55520,209405458055,256,768,568)
(55521,1652495797527,256,2576,760)
(55522,1652496568087,256,864,536)
(55523,1668601270039,256,864,576)
(55524,1668601662775,256,3488,704)
(55525,436086027609,464,2832,1114)
(55526,466017105241,480,2436,1000)
(55527,1272990502698,448,1440,858)
(55528,3318426671687,384,864,828)
(55529,3336135092551,384,1008,876)
(55530,1255885811370,256,864,624)
(55531,3318959221319,256,960,810)
(55532,346173811399,448,1632,720)
(55533,4469274389191,384,3280,720)
(55534,413679301319,384,768,576)
(55535,690039592647,256,1152,692)
(55536,2270318242503,256,1152,764)
(55537,4469341371079,256,3528,892)
(55538,4469299554535,384,1248,720)
(55539,2270335150311,256,1956,904)
(55540,4469274781927,256,864,540)
(55541,1170669717791,256,576,432)
(55542,4469241751783,256,1824,748)
(55543,4469341382887,256,4016,772)
(55544,1170938152223,256,384,384)
(55545,4469391698663,256,2848,876)
(55546,8951274972903,256,1872,710)
(55547,2270564076319,256,1824,652)
(55548,2270343407847,256,1680,884)
(55549,2270376954599,256,3072,852)
(55550,3335598287175,384,1008,860)
(55551,829625248967,384,992,560)
(55552,833945373927,384,640,464)
(55553,1377233579207,384,1344,720)
(55554,1651037744327,384,1008,668)
(55555,413678398023,384,768,560)
(55556,1652111355079,256,1152,716)
(55557,1377292291303,384,2568,720)
(55558,1651096456423,384,1248,668)
(55559,1652161809639,256,1956,856)
(55560,1651959809311,256,640,488)
(55561,2766502774559,256,1872,620)
(55562,4956936095519,256,2016,652)
(55563,6599761086239,256,864,520)
(55564,1652170067175,256,1680,824)
(55565,434487997785,464,2532,1134)
(55566,464419075417,480,2336,1018)
(55567,3336135157959,384,1008,798)
(55568,432357291353,384,1152,850)
(55569,449504130393,448,1872,906)
(55570,1274601115050,256,384,660)
(55571,3334524545607,256,864,904)
(55572,439319826265,448,2984,1038)
(55573,450041515865,384,1904,794)
(55574,1255894195882,256,384,676)
(55575,3336122575431,256,864,944)
(55576,1272956952106,256,2100,1046)
(55577,3310369540679,256,1152,992)
(55578,3310369546439,256,1152,776)
(55579,4954291491871,256,3176,812)
(55580,1274567437482,256,576,668)
(55581,3308758934087,256,576,840)
(55582,442474202461,464,1960,888)
(55583,472471881053,480,1728,796)
(55584,459588011357,448,1376,780)
(55585,831182636319,448,2752,864)
(55586,833913951943,384,1008,730)
(55587,859284248263,256,2466,886)
(55588,859550586567,256,2642,902)
(55589,842505696967,256,3008,824)
(55590,2337823730503,256,1088,544)
(55591,842170451175,256,2176,676)
(55592,833645529319,384,896,520)
(55593,842237306087,256,1632,620)
(55594,842235209959,256,2256,680)
(55595,833695845095,256,2100,716)
(55596,2474726077071,256,256,448)
(55597,361333603087,256,768,496)
(55598,1666737297695,256,1312,496)
(55599,2476738942663,384,640,480)
(55600,2750543107783,384,672,636)
(55601,207520871303,384,864,584)
(55602,827205949127,256,2176,796)
(55603,2476738815687,256,2112,844)
(55604,2750542980807,256,576,512)
(55605,2751616718535,256,2112,804)
(55606,827474351815,256,2464,764)
(55607,2476740880071,256,1680,836)
(55608,2476674025159,256,3208,844)
(55609,2750545045191,256,768,544)
(55610,2750478190279,256,2800,712)
(55611,2751618782919,256,1680,780)
(55612,209401263879,256,1888,680)
(55613,2475531118279,256,1152,656)
(55614,413709839943,256,384,448)
(55615,2751491933895,256,1728,812)
(55616,4469475620743,256,1280,512)
(55617,2476739208423,256,3120,760)
(55618,1376828049695,384,512,416)
(55619,2476738954471,384,1872,660)
(55620,2476641387751,256,2112,692)
(55621,2476639323367,256,2784,820)
(55622,827089013023,384,1872,600)
(55623,2476739725031,256,3376,892)
(55624,2750543373543,256,384,512)
(55625,2750543119591,384,1152,636)
(55626,2750445552871,256,1248,584)
(55627,2750443488487,256,2248,712)
(55628,2750543890151,256,1464,812)
(55629,2751617111271,256,3536,720)
(55630,1650632214815,384,1344,584)
(55631,208601225871,256,1216,544)
(55632,215042699919,256,576,608)
(55633,361067264783,256,2088,720)
(55634,1254409779855,256,1120,544)
(55635,1254409714447,256,1296,684)
(55636,344487309967,256,384,448)
(55637,344554289935,256,1088,624)
(55638,3299351145231,256,384,600)
(55639,2751616730343,256,2376,756)
(55640,2751517099239,256,3760,788)
(55641,2766382634727,256,2640,710)
(55642,2766581991143,256,1152,496)
(55643,6599907252967,256,2976,724)
(55644,2751618794727,256,1944,732)
(55645,2751519163623,256,1632,644)
(55646,5499995609375,256,576,352)
(55647,4950522911007,256,1984,560)
(55648,4950256572703,256,1392,568)
(55649,2751669110503,256,3552,844)
(55650,2783545861863,256,768,528)
(55651,2783697864423,256,1152,576)
(55652,6599832045287,256,1888,692)
(55653,2752147394247,256,1296,846)
(55654,346303346439,256,576,684)
(55655,429784447687,256,2448,680)
(55656,346432845703,256,2912,632)
(55657,1652692421863,256,864,636)
(55658,831084087583,384,2144,688)
(55659,414752920207,256,384,432)
(55660,421194838671,256,704,536)
(55661,429784644367,256,1416,632)
(55662,421311886223,256,1248,660)
(55663,4954251647263,256,2216,632)
(55664,439240394585,448,1408,1014)
(55665,456354203481,384,864,764)
(55666,1255894199722,256,384,652)
(55667,3318426544711,256,1296,928)
(55668,1272956955946,256,2592,982)
(55669,3309836864071,256,864,822)
(55670,3309836869831,256,864,758)
(55671,842409487559,256,2752,898)
(55672,842509889223,256,3792,892)
(55673,1238312106567,256,1896,684)
(55674,842468199655,256,2092,748)
(55675,842535054567,256,2092,748)
(55676,1238312368655,256,1632,576)
(55677,1651822447903,256,1896,612)
(55678,827478027463,256,2664,788)
(55679,4675667799239,256,3872,892)
(55680,4675768200903,256,2840,788)
(55681,4949471964359,256,1584,576)
(55682,4949572366023,256,2308,724)
(55683,4950545575111,256,4092,836)
(55684,414758579975,256,2560,696)
(55685,430052816711,256,1552,528)
(55686,207551412807,256,384,464)
(55687,4675726511335,256,2940,832)
(55688,4675793366247,256,3384,860)
(55689,4949530676455,256,1856,576)
(55690,4949597531367,256,2336,724)
(55691,4950604287207,256,2616,776)
(55692,208600259087,256,1568,576)
(55693,210747734543,256,3032,672)
(55694,207551674895,256,576,464)
(55695,4950546484455,256,1952,692)
(55696,5499995704607,256,384,320)
(55697,4952387374367,256,1808,600)
(55698,4950662884583,256,3560,836)
(55699,9363591310567,256,576,400)
(55700,4982724668647,256,1992,670)
(55701,13196849622247,256,1888,652)
(55702,2752159780551,256,1944,842)
(55703,209405456135,256,832,644)
(55704,416899611207,256,576,536)
(55705,1652706872551,256,864,692)
(55706,414752397839,256,576,464)
(55707,416899873295,256,1248,584)
(55708,1668601761055,256,2496,656)
(55709,3352241150295,256,576,528)
(55710,3351167408727,352,1080,962)
(55711,3351167412567,352,1080,906)
(55712,3336136067415,384,1512,884)
(55713,3310499432791,256,960,748)
(55714,3352232761943,384,576,804)
(55715,3352241023319,384,1008,740)
(55716,3343651342679,256,1512,820)
(55717,3351167281751,256,864,694)
(55718,1256868318510,448,4304,894)
(55719,1256967949614,256,1680,788)
(55720,1244084079918,256,960,692)
(55721,1248378522926,384,1344,786)
(55722,1256917863726,256,1952,784)
(55723,1256901348654,256,1512,938)
(55724,3336135936599,384,1872,892)
(55725,3336127679063,256,1296,866)
(55726,3310499301975,256,1680,908)
(55727,3342577601111,256,2004,1050)
(55728,3306079684695,256,4780,1032)
(55729,3310398900311,256,2304,892)
(55730,3352232634967,256,864,778)
(55731,3326479600215,256,1944,978)
(55732,692669482795,256,1152,612)
(55733,829571565355,256,1296,584)
(55734,3352358328951,256,1440,636)
(55735,413671369359,256,256,384)
(55736,4469291166351,352,960,720)
(55737,413142692623,352,640,576)
(55738,416888009359,256,384,496)
(55739,691796849751,256,1608,632)
(55740,623345808471,256,2336,800)
(55741,1173083265679,256,1152,536)
(55742,1172816927375,256,1632,664)
(55743,1173199665807,256,2048,660)
(55744,2270343404175,384,864,580)
(55745,413678660111,384,512,464)
(55746,429776972687,256,864,520)
(55747,1170856946319,256,576,620)
(55748,2270218619535,384,1392,572)
(55749,1173083269519,384,1344,520)
(55750,2270318250639,256,864,604)
(55751,2270251649679,256,1312,724)
(55752,1172816931215,384,1872,660)
(55753,4469358148239,256,1940,784)
(55754,8882287094671,256,2184,738)
(55755,2272711289743,256,2464,660)
(55756,1170865330831,256,864,692)
(55757,2270376954767,256,2088,752)
(55758,1170929894519,256,384,384)
(55759,1239380935799,256,2208,576)
(55760,1170866244015,256,1248,480)
(55761,1239647274103,256,768,504)
(55762,1170857855663,256,704,480)
(55763,1173083277487,256,832,488)
(55764,1172816939183,256,2064,662)
(55765,1239388931471,256,1320,616)
(55766,1239505331599,256,1576,568)
(55767,1170937890191,256,2808,778)
(55768,1171054290319,256,4512,760)
(55769,1173199677615,256,864,540)
(55770,2270335929007,256,1440,656)
(55771,2270368959151,256,1728,688)
(55772,1239504013999,256,1088,568)
(55773,1171052972719,256,4032,752)
(55774,4501420460719,256,864,570)
(55775,2272711297711,256,864,540)
(55776,1173200448175,256,2708,684)
(55777,2339016951695,256,2708,684)
(55778,1173085754487,256,1728,584)
(55779,1239503624367,256,832,512)
(55780,1241803134071,256,2872,758)
(55781,1171052583087,256,6714,724)
(55782,1239506229135,256,1720,600)
(55783,1171055187855,256,3024,772)
(55784,1173200575151,256,2660,648)
(55785,2272711678639,256,2016,540)
(55786,1170865342639,256,864,628)
(55787,1170765711535,256,1392,652)
(55788,2270393731759,256,1616,704)
(55789,1173200578991,256,864,540)
(55790,1245946063279,256,1152,648)
(55791,3350630541671,352,3138,1018)
(55792,3335599196519,384,2940,916)
(55793,3309962561895,256,1520,668)
(55794,4678339579419,256,2880,848)
(55795,4954349801231,256,1440,604)
(55796,3352240957799,384,3100,852)
(55797,3343651277159,256,3164,868)
(55798,3336135942359,384,3464,876)
(55799,4954349815071,384,2640,782)
(55800,3336127684823,256,1584,706)
(55801,3310491050199,256,1520,740)
(55802,3342577606871,256,3550,978)
(55803,3310374650071,256,4332,948)
(55804,3343642960087,256,2376,770)
(55805,4952739188523,256,1728,600)
(55806,708774629163,256,2304,666)
(55807,3352358332791,256,1392,588)
(55808,4540959330091,256,1296,540)
(55809,3352241932663,256,3596,828)
(55810,3326605298039,256,2964,852)
(55811,3358683597175,256,3624,946)
(55812,829407176911,352,1344,688)
(55813,829683963095,384,992,576)
(55814,829416343791,256,512,384)
(55815,1666990892431,256,2360,688)
(55816,1666991670903,256,1672,568)
(55817,1666991281271,256,3324,620)
(55818,1666991789967,256,1880,600)
(55819,1377015507151,352,1080,720)
(55820,1650819672271,352,1080,748)
(55821,344425313039,352,880,688)
(55822,1237767828111,256,256,416)
(55823,1654106502231,256,2456,760)
(55824,1653838584463,256,1248,536)
(55825,5502128241295,256,2672,716)
(55826,1377292293335,384,1008,580)
(55827,1651096458455,384,1248,612)
(55828,344428603919,384,768,576)
(55829,1237767305743,256,928,568)
(55830,1652161811671,256,864,580)
(55831,1653838588303,384,2432,688)
(55832,3315989883791,256,2136,660)
(55833,5506423204751,256,2160,660)
(55834,6601639865231,256,3096,684)
(55835,1651901667535,256,864,636)
(55836,829473703031,256,1216,504)
(55837,1377024674031,256,1248,480)
(55838,1377082033271,256,1488,504)
(55839,1650828839151,256,1216,504)
(55840,1650886198391,256,576,480)
(55841,619516662007,256,576,480)
(55842,207789642271,256,256,384)
(55843,215297434399,256,1088,552)
(55844,207906943775,256,1264,616)
(55845,1651894192367,256,832,440)
(55846,1653838596271,256,2112,656)
(55847,1651959547279,256,2356,784)
(55848,5500249204111,256,2656,700)
(55849,4952640873871,256,1344,432)
(55850,5502128253103,256,1960,644)
(55851,4952641652343,256,2816,668)
(55852,5500249982583,256,1440,544)
(55853,3315989891759,256,384,400)
(55854,5506423212719,256,2064,580)
(55855,6601639873199,256,2336,604)
(55856,5502397458039,256,3396,740)
(55857,2766502512527,256,2708,684)
(55858,4956935833487,256,1680,528)
(55859,6599760824207,256,3264,732)
(55860,1654107411575,256,2912,704)
(55861,4952641262711,256,1248,496)
(55862,5500249592951,256,1696,400)
(55863,5500250101647,256,2944,668)
(55864,4952641771407,256,384,432)
(55865,5502129150639,256,3128,664)
(55866,3316258707063,256,2280,580)
(55867,5506692028023,256,768,400)
(55868,6601908688503,256,2048,604)
(55869,5502129154479,256,1280,612)
(55870,3316258710903,256,1632,684)
(55871,5506692031863,256,1808,504)
(55872,6601908692343,256,1152,660)
(55873,3351167412455,256,1080,886)
(55874,3336136067303,256,576,698)
(55875,3310499432679,256,576,624)
(55876,442536859001,352,1440,970)
(55877,472467936633,384,1680,962)
(55878,831157470863,256,864,688)
(55879,1274601377326,256,1296,884)
(55880,1244670299694,256,576,612)
(55881,1248931712558,256,2640,924)
(55882,1274568347182,256,864,748)
(55883,3334525454951,256,576,984)
(55884,3308888820327,256,640,600)
(55885,4954291102863,256,2080,656)
(55886,4954324649615,256,576,656)
(55887,3334525460823,256,576,772)
(55888,3308888826199,256,864,696)
(55889,830108632475,256,1392,628)
(55890,4678339585179,256,2088,756)
(55891,4678398289307,256,1440,608)
(55892,2755268101263,256,960,692)
(55893,2479300068507,256,2640,856)
(55894,2755301901967,256,2816,672)
(55895,442541051257,448,1788,954)
(55896,472472128889,448,1680,890)
(55897,468177685881,448,1728,834)
(55898,3351167216231,256,960,948)
(55899,1255794576942,384,1280,690)
(55900,831182636207,384,864,620)
(55901,1255894208046,256,768,814)
(55902,1243010338350,256,1360,664)
(55903,1247304781358,256,640,662)
(55904,1255844122158,256,2536,868)
(55905,1255827607086,256,864,890)
(55906,3336135871079,256,384,630)
(55907,3336123484775,256,576,944)
(55908,3310499236455,256,576,848)
(55909,3342577535591,256,1440,1042)
(55910,3306075490407,256,864,972)
(55911,3310398834791,256,2320,840)
(55912,3335599071575,256,384,734)
(55913,4954349814959,256,960,610)
(55914,3335590814039,256,576,724)
(55915,3309954179415,256,576,632)
(55916,3342040736087,256,1440,922)
(55917,3309837779287,256,864,848)
(55918,1257405189294,256,384,648)
(55919,1244620950702,256,384,516)
(55920,1248915393710,256,384,616)
(55921,1257438219438,256,384,644)
(55922,3334525330007,256,576,868)
(55923,4954325042351,256,3780,848)
(55924,3308880437847,256,384,780)
(55925,2761700085351,256,1312,632)
(55926,2761700091111,256,928,488)
(55927,3311439124055,256,576,640)
(55928,1274567576622,256,1152,884)
(55929,1244569898030,256,1872,876)
(55930,3304469078103,256,576,788)
(55931,3308788293719,256,2304,820)
(55932,3308764037719,256,576,940)
(55933,1247204902062,256,1440,568)
(55934,1247304787118,256,960,552)
(55935,4954350195887,256,3632,800)
(55936,3335590683223,256,576,820)
(55937,2755327067311,256,4512,824)
(55938,3342032347735,256,576,884)
(55939,1255794060334,256,1552,898)
(55940,1243009821742,256,1184,724)
(55941,3305542688855,256,864,900)
(55942,3309853646935,256,960,608)
(55943,3309837648471,256,864,888)
(55944,4953251288731,256,3024,690)
(55945,4679472031119,256,2016,718)
(55946,4953250907803,256,1860,866)
(55947,2754228160155,256,4524,844)
(55948,4679572432783,256,1724,688)
(55949,846188811931,256,576,540)
(55950,3351284591223,256,864,540)
(55951,4679447123611,256,1696,564)
(55952,831182374287,256,2232,712)
(55953,846213719439,256,2088,740)
(55954,4953276196239,256,384,352)
(55955,830083729051,256,2304,892)
(55956,846188431003,256,1952,892)
(55957,837599004315,256,6480,910)
(55958,4679446742683,256,960,464)
(55959,2480423995035,256,1536,620)
(55960,1658950473931,256,1224,616)
(55961,1385146308811,256,2196,748)
(55962,1660015827147,256,2168,784)
(55963,837724440463,256,2184,860)
(55964,837537978571,256,1424,560)
(55965,4953376597903,256,1940,676)
(55966,3351168191095,256,1956,1018)
(55967,831145859275,256,5220,820)
(55968,3325531556471,256,1632,950)
(55969,3338283550839,256,3510,990)
(55970,3342577993847,256,1980,914)
(55971,4954349806991,256,2328,718)
(55972,4678373131931,256,2604,866)
(55973,3351168196855,256,3408,958)
(55974,835407272139,256,3240,728)
(55975,3342694916343,256,3168,878)
(55976,3342578516215,256,3678,970)
(55977,1655790929295,256,576,644)
(55978,4954325034383,256,3188,768)
(55979,2755302032783,256,4200,732)
(55980,1662171699279,256,864,552)
(55981,1660040992847,256,1888,696)
(55982,5534079035279,256,1440,680)
(55983,4986470705039,256,864,500)
(55984,1700820723599,256,960,536)
(55985,1655779579983,256,2736,698)
(55986,3304527790199,256,2928,860)
(55987,4984323229583,256,2400,708)
(55988,3308789203063,256,2544,840)
(55989,829400885647,256,1080,810)
(55990,833581025615,256,2136,782)
(55991,833647626575,256,1440,624)
(55992,833647847823,256,1956,866)
(55993,833645529487,256,864,594)
(55994,833580992911,256,2268,734)
(55995,833578928527,256,2784,704)
(55996,833695845263,256,3120,792)
(55997,829401664175,256,704,480)
(55998,829401147567,256,1440,628)
(55999,829368117423,256,1728,620)
