(91000,413950056219,256,576,588)
(91001,413999474459,256,1392,610)
(91002,414066456347,256,3600,736)
(91003,2508819473643,256,2280,540)
(91004,2508817377515,256,1296,722)
(91005,6598456289525,256,3312,668)
(91006,345244837621,256,1520,528)
(91007,344953726709,256,1600,564)
(91008,826130121973,256,2736,628)
(91009,826130090229,256,2928,580)
(91010,2476732885227,256,864,758)
(91011,2476741269739,256,1296,600)
(91012,2475667532011,256,864,764)
(91013,2508819600619,256,768,384)
(91014,2508809119979,256,1296,706)
(91015,6599529900277,256,3796,742)
(91016,2508811216107,256,2608,540)
(91017,2508817504491,256,1152,572)
(91018,6599530027253,256,4284,734)
(91019,2750132570775,256,512,400)
(91020,2478475881111,256,2064,544)
(91021,2491773167083,256,576,440)
(91022,2508818024939,256,2952,686)
(91023,6598498256373,256,3032,656)
(91024,2476741790187,256,4086,846)
(91025,2476789140203,256,2976,824)
(91026,2508936390379,256,576,440)
(91027,2508817894123,256,864,620)
(91028,6599571867125,256,2400,668)
(91029,2475668048619,256,1440,856)
(91030,2491773163243,256,384,320)
(91031,2491706149611,256,2792,678)
(91032,6599563609589,256,3136,686)
(91033,1380862790859,352,4758,980)
(91034,1259528826123,256,2716,812)
(91035,1240880952587,256,5270,922)
(91036,1250939020427,256,864,732)
(91037,1240755266571,256,1152,908)
(91038,3302379391371,256,576,864)
(91039,1385227856107,256,864,616)
(91040,1662228080875,256,2280,740)
(91041,837619525867,256,384,532)
(91042,859304275157,256,2464,784)
(91043,2339708833675,256,512,504)
(91044,830072458903,256,2096,544)
(91045,4675629929883,256,256,320)
(91046,9073706081483,256,2952,856)
(91047,9073697696971,256,576,584)
(91048,9072632343755,256,3184,860)
(91049,1409311780043,256,1320,834)
(91050,9075828403403,256,576,464)
(91051,9898046168277,256,1584,832)
(91052,1409312689387,256,2016,666)
(91053,9080123755755,256,256,320)
(91054,9898046950645,256,2016,678)
(91055,1409437474027,256,864,620)
(91056,9080249060843,256,1248,488)
(91057,9898431818987,256,864,656)
(91058,1409437347051,256,1584,752)
(91059,9075953970411,256,960,536)
(91060,9898431945963,256,1944,788)
(91061,1409429089515,256,1728,748)
(91062,9075945712875,256,576,432)
(91063,9897358208235,256,2040,798)
(91064,430595750603,256,3736,712)
(91065,843988901077,256,1728,704)
(91066,1393744325845,256,864,822)
(91067,1667548490965,256,576,608)
(91068,846135995605,256,864,748)
(91069,2339704641419,256,1584,720)
(91070,690441271755,256,1536,596)
(91071,1668622228693,256,864,814)
(91072,431669485451,256,4128,696)
(91073,2338094487323,256,864,568)
(91074,207543740149,256,2520,624)
(91075,2493281111285,256,3916,722)
(91076,2510427950325,256,1392,572)
(91077,850447863029,256,3072,580)
(91078,2754159087255,256,2344,580)
(91079,1658942426775,256,768,400)
(91080,4538195170715,256,2048,572)
(91081,2768150629621,256,3636,706)
(91082,1384072908439,256,3912,640)
(91083,431665370523,256,1840,536)
(91084,1411033246965,256,1392,686)
(91085,1684837412085,256,864,620)
(91086,863424916725,256,576,500)
(91087,1685911149813,256,864,678)
(91088,1263882503951,384,2076,1036)
(91089,1280996312847,448,1440,934)
(91090,413941674587,256,576,622)
(91091,1375205516981,256,1344,592)
(91092,1238721668751,256,384,520)
(91093,1246090896975,256,1976,596)
(91094,1246091806319,256,2500,600)
(91095,1169643627191,256,2788,584)
(91096,1169914159727,256,576,472)
(91097,1169912029879,256,1952,568)
(91098,4537121363739,256,1088,496)
(91099,414070204187,256,1216,624)
(91100,416890939061,256,1344,576)
(91101,413670630301,256,1392,532)
(91102,1391930419415,256,576,540)
(91103,2478892689615,256,512,544)
(91104,3300305184975,256,384,580)
(91105,430591563547,256,1616,568)
(91106,414078588699,256,864,610)
(91107,1383466337527,256,1152,500)
(91108,2478951401711,256,768,512)
(91109,1383587766895,256,1392,572)
(91110,2478533894839,256,2560,616)
(91111,3300363897071,256,864,548)
(91112,3299946390199,256,640,400)
(91113,1265027288847,352,1404,968)
(91114,1290663923471,384,864,772)
(91115,1264947857167,256,576,746)
(91116,1282061666063,256,864,802)
(91117,1248967558927,384,2076,1016)
(91118,1274604193551,448,1440,916)
(91119,1265027294607,256,384,464)
(91120,1290663929231,256,384,432)
(91121,1290663406863,256,2188,820)
(91122,1260732329231,256,2434,940)
(91123,648617855213,384,1384,772)
(91124,665731664109,448,960,696)
(91125,678615533805,448,1200,696)
(91126,414162652531,384,1968,834)
(91127,414162655579,448,1728,752)
(91128,645396630221,256,256,464)
(91129,662510439117,256,384,432)
(91130,414146143887,256,384,464)
(91131,414113113743,256,384,432)
(91132,632511989965,352,3208,768)
(91133,632578971853,256,960,620)
(91134,632462444749,256,576,520)
(91135,658215479501,384,448,588)
(91136,626070325453,256,1152,656)
(91137,632578844877,256,384,676)
(91138,8935169369743,256,832,656)
(91139,662509668557,384,1984,620)
(91140,645346314445,256,384,456)
(91141,662510049485,256,576,440)
(91142,630431750349,256,1392,588)
(91143,656068004045,256,576,488)
(91144,630431369421,256,1088,624)
(91145,645363083469,256,384,564)
(91146,630331738317,256,1152,596)
(91147,662509922509,256,384,616)
(91148,630364768461,256,976,700)
(91149,8935294675791,256,1716,700)
(91150,678615525837,256,992,716)
(91151,646470371789,256,2672,740)
(91152,663584180685,256,1744,632)
(91153,8935344481967,256,2160,740)
(91154,8935344482927,256,1840,632)
(91155,1655740501323,256,1152,710)
(91156,4685864177003,256,3726,824)
(91157,4685839011659,256,1440,864)
(91158,850458643819,256,3040,628)
(91159,4685868371179,256,3420,710)
(91160,4685868371535,256,2920,754)
(91161,850462838351,256,2592,688)
(91162,4853926200555,672,2328,930)
(91163,18039959194955,544,2768,976)
(91164,9234792842475,592,2036,1024)
(91165,13341855319275,552,2848,1166)
(91166,4849631235179,640,2964,1186)
(91167,9248206294123,568,3062,1174)
(91168,9228350393675,576,1152,778)
(91169,22129392485611,544,2336,1048)
(91170,9234759291995,592,2252,1030)
(91171,13341822289131,584,2848,1218)
(91172,26943476139243,552,2828,1192)
(91173,9252467706987,576,3872,1220)
(91174,28590029866219,592,3240,1284)
(91175,1263953553039,352,1080,768)
(91176,1289590187663,384,864,620)
(91177,4850163911787,480,4008,1024)
(91178,9248206296155,448,2606,916)
(91179,9234759289963,448,1056,892)
(91180,22129375970539,448,1152,814)
(91181,9228350395595,384,512,572)
(91182,13341805774059,480,2760,1012)
(91183,26942943462635,464,1920,992)
(91184,9252467709019,448,3312,818)
(91185,28590029866331,384,1528,890)
(91186,9252501259499,384,1728,762)
(91187,13487846723179,608,3124,1052)
(91188,13350411964011,448,2762,956)
(91189,26527472553803,576,2504,894)
(91190,22129459334763,448,2416,862)
(91191,26664907312971,576,2640,862)
(91192,22266894093931,576,2908,920)
(91193,22145972309611,384,2272,786)
(91194,13505022463595,448,4328,916)
(91195,30787979251307,448,3360,818)
(91196,26664936476267,448,3456,802)
(91197,13367583575659,608,3632,1060)
(91198,30787975122539,560,3590,1046)
(91199,26527497588331,576,3252,960)
(91200,30821230784331,384,672,640)
(91201,423155196139,256,576,448)
(91202,700155420907,256,864,612)
(91203,700155421019,256,512,480)
(91204,13337560876267,448,2908,996)
(91205,13335413654763,448,2608,954)
(91206,26947237905643,448,3144,972)
(91207,28592210117867,384,1104,706)
(91208,28592210117979,384,2336,846)
(91209,26561186303595,384,3232,746)
(91210,13350445516523,448,3708,1020)
(91211,30788008675051,448,3332,972)
(91212,22129492887275,384,2096,746)
(91213,22146005862123,384,3248,874)
(91214,1289589665295,256,2328,880)
(91215,1259658587663,256,2568,988)
(91216,1658469998827,256,3024,724)
(91217,4682110733547,256,576,496)
(91218,4548429483355,256,2568,728)
(91219,455317785947,256,3368,776)
(91220,1670772821227,256,5312,826)
(91221,4685839469803,256,4008,710)
(91222,4685864242767,256,1248,580)
(91223,867626192463,256,5638,808)
(91224,4682106539371,256,1440,528)
(91225,4548400123723,256,1440,848)
(91226,455317720427,256,5338,868)
(91227,2338098681499,256,1488,708)
(91228,413702072221,256,576,352)
(91229,358833359261,448,1788,876)
(91230,367298382237,464,3630,996)
(91231,367322634397,480,2816,1008)
(91232,367264831645,480,6096,1014)
(91233,397353863581,448,1880,872)
(91234,367364462749,448,2952,772)
(91235,367297861789,384,768,624)
(91236,373714753693,448,3000,852)
(91237,373706496157,384,4176,906)
(91238,399442761885,448,2808,792)
(91239,399443536285,448,3336,860)
(91240,373806897821,448,3756,804)
(91241,399443532445,448,4878,924)
(91242,373689981085,384,2464,708)
(91243,399467788445,384,768,716)
(91244,644658305765,352,1440,960)
(91245,670294940389,384,1152,776)
(91246,640363346149,256,864,710)
(91247,631773665509,256,1440,858)
(91248,640246946021,256,864,604)
(91249,657410300133,256,1760,650)
(91250,625332000997,256,1056,724)
(91251,640296491237,256,864,760)
(91252,670294423781,256,864,654)
(91253,644541389029,256,864,684)
(91254,661704743141,384,1872,792)
(91255,629626444005,256,1152,826)
(91256,655263078629,256,1152,608)
(91257,638149269733,256,2256,736)
(91258,644557904101,256,1440,914)
(91259,638116239589,256,2544,778)
(91260,670294169829,256,1872,826)
(91261,638215870693,256,3660,868)
(91262,1238587578971,256,864,620)
(91263,4537122331483,256,3400,684)
(91264,842372012623,256,2736,720)
(91265,826255910869,256,768,488)
(91266,842372016463,256,3000,756)
(91267,670294161861,256,1728,842)
(91268,638215862725,256,3888,900)
(91269,644541127109,256,3606,904)
(91270,629626182085,256,1920,910)
(91271,638099462597,256,2768,724)
(91272,655262816709,256,3040,692)
(91273,827457588047,256,3744,724)
(91274,1409308497487,256,1296,636)
(91275,1409040030295,256,1584,800)
(91276,3300030359191,256,768,628)
(91277,619318554470,256,2272,648)
(91278,688035934054,256,1376,552)
(91279,210759757622,256,768,616)
(91280,207014276966,256,960,504)
(91281,413954250395,256,992,660)
(91282,2475525056155,256,1504,666)
(91283,414070650523,256,2388,672)
(91284,1409308465743,256,1152,596)
(91285,1409040062039,256,1152,752)
(91286,3300298794639,256,576,580)
(91287,4545203868907,256,832,432)
(91288,2354770547947,256,1584,568)
(91289,826280175005,256,2112,624)
(91290,2475533440667,256,768,432)
(91291,1376019211677,256,768,432)
(91292,413695879069,256,2904,584)
(91293,1651083679147,256,576,664)
(91294,414078654107,256,1008,666)
(91295,1650888730013,256,1776,576)
(91296,413671106461,256,1248,532)
(91297,863628531091,352,1776,864)
(91298,867889943955,384,1392,698)
(91299,826146891415,352,1776,768)
(91300,826179921559,384,1392,620)
(91301,863695386003,256,1152,792)
(91302,831550231955,256,1056,858)
(91303,867990345619,256,768,604)
(91304,835811644819,256,832,680)
(91305,837942351251,256,768,622)
(91306,861547910547,256,864,718)
(91307,876479624595,256,1152,728)
(91308,876513171347,256,768,684)
(91309,844334470547,384,768,758)
(91310,846465176979,256,800,758)
(91311,850726589843,256,576,548)
(91312,876462855571,256,864,638)
(91313,861481309587,256,1624,886)
(91314,867873428883,256,1200,694)
(91315,861448279443,256,1912,798)
(91316,863578985875,256,1800,770)
(91317,4537199237355,256,1944,668)
(91318,4537182722283,256,1152,736)
(91319,4537149692139,256,768,544)
(91320,4537249323243,256,2984,676)
(91321,4537266092267,256,1952,704)
(91322,4537299639019,256,4588,784)
(91323,1675345696947,256,384,662)
(91324,1375885929047,256,576,628)
(91325,1692492535987,256,384,798)
(91326,1701081962675,256,384,576)
(91327,1688198092979,256,384,678)
(91328,1383669770575,256,256,384)
(91329,1383401331287,256,768,650)
(91330,3300298926415,256,384,588)
(91331,1671084284083,256,384,734)
(91332,1662561458355,256,576,812)
(91333,415027992923,256,576,600)
(91334,1376022338139,256,576,536)
(91335,413680429647,256,512,496)
(91336,430592531291,256,2400,588)
(91337,2269227690909,256,576,500)
(91338,1375868205725,256,576,532)
(91339,413979023963,256,384,416)
(91340,414079556443,256,2316,696)
(91341,345107511965,256,576,646)
(91342,1383669766735,256,384,456)
(91343,1383401335127,256,384,432)
(91344,3300298925455,256,384,524)
(91345,2478500653719,256,1248,654)
(91346,2750140828311,256,2608,540)
(91347,1392261543503,256,576,472)
(91348,1409039513687,256,2064,646)
(91349,3299929958487,256,864,556)
(91350,413952961103,256,576,432)
(91351,1409308268907,256,384,432)
(91352,1272406186347,256,1152,712)
(91353,623345053046,256,768,576)
(91354,691796094326,256,576,432)
(91355,9347535670619,256,1632,724)
(91356,212638805366,256,3096,624)
(91357,414066987643,256,2872,710)
(91358,1376035988669,256,1680,616)
(91359,414744455125,256,2016,608)
(91360,413670844373,256,1344,440)
(91361,422119163515,256,576,484)
(91362,414129014395,256,1440,594)
(91363,2478501046455,256,1296,630)
(91364,2750140959127,256,2656,624)
(91365,1383670549103,256,576,440)
(91366,1391926264951,256,2064,656)
(91367,3300351314543,256,864,584)
(91368,1671038180499,256,5056,848)
(91369,1688201534611,256,960,642)
(91370,1392259459183,256,1680,652)
(91371,1391991023735,256,3480,782)
(91372,827119978391,256,2752,600)
(91373,2478501563063,256,1320,730)
(91374,827122075479,256,1824,664)
(91375,1392261555311,256,576,440)
(91376,1391993119863,256,2016,606)
(91377,827388381079,256,576,400)
(91378,827388413783,256,1296,504)
(91379,3300199302319,256,2640,732)
(91380,3300232332463,256,960,548)
(91381,2750141729687,256,2724,664)
(91382,1651721335895,256,2904,616)
(91383,1653852042327,256,864,432)
(91384,1651989738583,256,576,528)
(91385,1395895045711,256,5356,770)
(91386,4685839470159,256,4512,684)
(91387,4685864242411,256,512,400)
(91388,867634449999,256,3416,696)
(91389,4685964775247,256,1824,700)
(91390,4685964774891,256,1296,610)
(91391,867751759471,256,2096,556)
(91392,1660105758955,256,576,742)
(91393,4954275319243,256,5704,922)
(91394,4685864635503,256,3794,824)
(91395,4685839077067,256,576,580)
(91396,867634580815,256,5014,884)
(91397,4538731977051,256,576,488)
(91398,1239646506870,256,1088,416)
(91399,1241793990462,256,1344,440)
(91400,1409044228311,256,1152,680)
(91401,9075560851671,256,384,432)
(91402,9896973347031,256,864,636)
(91403,1409169012951,256,864,580)
(91404,9075685636311,256,800,520)
(91405,9897098131671,256,864,556)
(91406,1272406283611,256,960,642)
(91407,1409308366171,256,256,320)
(91408,1272406185331,256,864,604)
(91409,1409308267891,256,256,352)
(91410,9347535672539,256,960,612)
(91411,9347602271579,256,576,628)
(91412,1409102972151,256,3888,710)
(91413,9075619595511,256,1424,584)
(91414,9897032090871,256,1488,680)
(91415,1409219340535,256,3672,700)
(91416,9075735963895,256,1512,600)
(91417,9897148459255,256,1632,660)
(91418,688037998438,256,2352,664)
(91419,211028193070,256,1056,576)
(91420,4682642820331,256,1984,568)
(91421,430595757723,256,3112,708)
(91422,1377617241501,256,1512,544)
(91423,207543740317,256,1840,496)
(91424,1409845236955,256,960,642)
(91425,4675634059611,256,1976,572)
(91426,413147753039,256,576,488)
(91427,1409845139691,256,1152,712)
(91428,623076650358,256,1792,512)
(91429,691794029942,256,256,320)
(91430,1409845138675,256,864,604)
(91431,623320797046,256,1728,496)
(91432,1170929127286,256,576,352)
(91433,2479423301839,256,576,650)
(91434,1650086416246,256,384,400)
(91435,431669500251,256,3280,620)
(91436,212636740982,256,2000,512)
(91437,210735730550,256,1296,520)
(91438,211002068854,256,2136,608)
(91439,1379764724925,256,2496,592)
(91440,825450702805,256,2016,632)
(91441,621197569510,256,1536,552)
(91442,689914949094,256,864,504)
(91443,1173076610878,256,768,488)
(91444,688050580966,256,2768,648)
(91445,208854585318,256,2016,608)
(91446,8938507603323,256,1704,682)
(91447,2758461737871,256,1936,528)
(91448,2758461736855,256,2752,632)
(91449,3311430379191,256,576,488)
(91450,1265023096591,352,1404,992)
(91451,1282069923599,384,864,802)
(91452,1282069153039,256,576,834)
(91453,1252071474447,256,1320,956)
(91454,8935227918031,256,1824,732)
(91455,4683691790155,256,4194,842)
(91456,850433478475,256,4104,754)
(91457,1280995411471,256,1152,1032)
(91458,1250997732879,256,3080,1040)
(91459,4683817553743,256,3908,778)
(91460,4685956386539,256,1680,670)
(91461,867751497551,256,4870,814)
(91462,2338098616091,256,1824,748)
(91463,4537121808155,256,3792,744)
(91464,1376011739389,256,2512,600)
(91465,4674286082173,256,2144,648)
(91466,825475868149,256,832,448)
(91467,619323729397,256,1680,520)
(91468,211563980221,256,1984,472)
(91469,207552128501,256,3048,616)
(91470,413954248475,256,1216,708)
(91471,2475524990747,256,2048,730)
(91472,2491408492759,256,2632,660)
(91473,2491676928207,256,1440,832)
(91474,6598470969559,256,2844,668)
(91475,2354770546027,256,880,496)
(91476,4545203866987,256,2768,648)
(91477,422002136859,256,384,496)
(91478,1376811935157,256,1472,576)
(91479,1651083744667,256,1584,752)
(91480,414011987739,256,1712,730)
(91481,1650083423669,256,1632,624)
(91482,430592007963,256,1888,600)
(91483,414079033115,256,960,648)
(91484,2491508894423,256,2504,596)
(91485,2491710474959,256,1296,710)
(91486,6598504548055,256,3268,680)
(91487,4674548190779,256,2188,706)
(91488,1375206433213,256,1576,528)
(91489,345221915099,256,576,440)
(91490,4674286604541,256,1856,600)
(91491,4674303367805,256,768,400)
(91492,4467610229374,256,2856,580)
(91493,413978972283,256,1728,714)
(91494,345041472125,256,1392,574)
(91495,2491534059767,256,1152,560)
(91496,2491735640303,256,2640,776)
(91497,6598529713399,256,2748,680)
(91498,8939040279931,256,992,448)
(91499,8943338851707,256,3336,742)
(91500,825482061301,256,832,352)
(91501,211570173373,256,256,256)
(91502,5499374408955,256,1776,772)
(91503,825451095541,256,1952,536)
(91504,207543870965,256,768,416)
(91505,207544133053,256,2256,488)
(91506,4685994134767,256,1296,610)
(91507,4685968969423,256,864,580)
(91508,850588601695,256,2608,694)
(91509,414769620469,256,1872,520)
(91510,416917104061,256,864,532)
(91511,1409169108183,256,1200,650)
(91512,4677647477975,256,576,464)
(91513,5499059973335,256,864,584)
(91514,1409170017527,256,3000,650)
(91515,4681967602935,256,864,488)
(91516,5499118685431,256,576,584)
(91517,8939044474107,256,1704,682)
(91518,9075946556667,256,576,352)
(91519,5499378601211,256,1632,676)
(91520,4544666998123,256,2500,648)
(91521,2475537567515,256,1824,748)
(91522,414768620981,256,2192,664)
(91523,416891855293,256,2592,624)
(91524,9076479233275,256,2520,742)
(91525,826281076213,256,576,352)
(91526,414775813621,256,384,400)
(91527,417722312125,256,576,352)
(91528,413710460405,256,2144,496)
(91529,414744847861,256,2784,608)
(91530,413696009717,256,768,416)
(91531,413696271805,256,3472,584)
(91532,4854463071451,256,880,620)
(91533,26664844920027,384,1400,766)
(91534,18014377084123,416,2040,972)
(91535,22274854618331,416,2040,956)
(91536,1265027290767,352,1080,768)
(91537,1290663925391,384,864,620)
(91538,4850168628443,576,2120,1014)
(91539,18041087329499,536,3280,1114)
(91540,18014344053979,576,2312,1074)
(91541,26664853177563,528,2360,1048)
(91542,18010082641115,576,1392,778)
(91543,22270560175323,528,2156,1054)
(91544,26943480333531,536,3840,1184)
(91545,18047495963867,560,2756,1204)
(91546,28590566737115,560,3070,1228)
(91547,18047528994011,384,2360,878)
(91548,13505055559259,544,2480,872)
(91549,22300558102107,384,1736,754)
(91550,26664969571931,544,2616,920)
(91551,26698658287195,256,1760,616)
(91552,13505022529115,544,2656,912)
(91553,30788012346971,512,3380,998)
(91554,26664936541787,544,3036,928)
(91555,22274821588187,448,1504,786)
(91556,26947774776539,352,1896,888)
(91557,28592746988763,384,1760,762)
(91558,26698625257051,256,576,536)
(91559,1670772755819,256,4736,646)
(91560,4685839273579,256,4388,796)
(91561,4685864046187,256,1248,580)
(91562,867596832587,256,2816,710)
(91563,1282060764687,256,960,888)
(91564,1252063086095,256,2136,740)
(91565,1274670528015,256,2112,996)
(91566,1248867026447,256,1296,942)
(91567,1290663408783,256,1008,604)
(91568,1260732331151,256,1296,712)
(91569,4685993938543,256,2896,706)
(91570,4685968772843,256,1776,640)
(91571,850588143439,256,2928,670)
(91572,1297105601823,256,3352,948)
(91573,1248996918559,256,4256,984)
(91574,1274633553183,256,2636,852)
(91575,13505056474363,448,3124,1056)
(91576,9264312747259,448,2932,1098)
(91577,30788013262075,448,3244,1032)
(91578,18043360118011,384,2648,882)
(91579,26664970487035,384,1648,742)
(91580,26701880034555,384,2680,900)
(91581,18047654561019,384,2396,920)
(91582,30804592303707,384,1872,742)
(91583,1289589679135,256,2500,868)
(91584,1257527895071,256,2976,1000)
(91585,1263853159455,256,3260,1020)
(91586,1248946471967,256,3776,1046)
(91587,1259558970399,256,2760,868)
(91588,1274583106591,256,1344,786)
(91589,4537215092091,256,3398,866)
(91590,4682236038635,256,768,432)
(91591,4548529885019,256,2280,684)
(91592,438271741307,256,2352,676)
(91593,3311562500719,256,864,610)
(91594,4685965037167,256,4428,816)
(91595,4685964644075,256,864,540)
(91596,867734982479,256,4888,804)
(91597,3308366441071,256,3024,700)
(91598,1387475872367,256,2928,700)
(91599,358839650525,384,2100,832)
(91600,384476285149,352,3004,1004)
(91601,371623889117,464,2960,1024)
(91602,388737698013,464,3932,1070)
(91603,397360154845,448,2504,920)
(91604,388837329117,384,2016,804)
(91605,403752274141,448,2920,940)
(91606,388770728157,384,1896,708)
(91607,641168649445,352,1440,960)
(91608,632578968805,256,2256,982)
(91609,671099727077,384,1152,776)
(91610,641052249317,256,1680,724)
(91611,658215603429,384,1952,792)
(91612,626137304293,256,2160,758)
(91613,641101794533,256,1680,886)
(91614,638954573029,256,1944,694)
(91615,2339709228443,256,864,642)
(91616,4538732420507,256,1440,680)
(91617,2339708775119,256,1088,464)
(91618,826287367645,256,576,352)
(91619,417728603389,256,832,400)
(91620,403827755261,384,2328,728)
(91621,674320686309,256,2112,974)
(91622,642242387173,256,3792,986)
(91623,672173464805,256,3116,854)
(91624,671099461317,256,1344,776)
(91625,639021162181,256,2720,912)
(91626,641051466949,256,3234,928)
(91627,626136521925,256,4170,994)
(91628,638904245445,256,2288,796)
(91629,656067599557,256,2048,740)
(91630,1239677963646,256,1088,416)
(91631,1241808670078,256,1216,464)
(91632,1654112947582,256,1728,496)
(91633,884799016371,256,640,716)
(91634,872014777779,256,384,680)
(91635,826094684375,352,2152,768)
(91636,826194315479,384,1584,620)
(91637,837811278227,352,1344,864)
(91638,831419158931,256,1584,982)
(91639,850695147923,384,768,698)
(91640,850745463699,256,1152,724)
(91641,844303028627,384,768,758)
(91642,846450504083,256,864,826)
(91643,835713601939,256,2264,914)
(91644,867858755987,256,864,778)
(91645,4537199171947,256,864,600)
(91646,4537266026859,256,1248,536)
(91647,2508555331799,256,3860,722)
(91648,9088713156815,256,1152,572)
(91649,10996484450519,256,2416,580)
(91650,1272406283499,256,768,544)
(91651,1409308366059,256,576,572)
(91652,9347531478363,256,1776,668)
(91653,2508680506071,256,4476,680)
(91654,9088771857103,256,1152,680)
(91655,10996609624791,256,1744,548)
(91656,9072398338775,256,2100,712)
(91657,2508680633047,256,576,416)
(91658,9079980595927,256,2904,630)
(91659,10996609751767,256,1984,548)
(91660,1255229562459,256,864,520)
(91661,4540879543899,256,864,544)
(91662,2508672248535,256,4060,700)
(91663,9088495068887,256,576,564)
(91664,10996601367255,256,3168,660)
(91665,2508680898807,256,1632,620)
(91666,9088771868911,256,2448,686)
(91667,10996610017527,256,1952,548)
(91668,8939044408699,256,1680,496)
(91669,8943334722939,256,1648,532)
(91670,5499378537723,256,576,640)
(91671,884782242259,256,3204,962)
(91672,878390122963,256,3188,944)
(91673,869867297235,256,1680,842)
(91674,8935311448443,256,4064,820)
(91675,8935344478587,256,2912,700)
(91676,2508581013751,256,3736,808)
(91677,9079880976631,256,3312,782)
(91678,2508680644855,256,864,572)
(91679,9079980607735,256,1152,540)
(91680,10996510132471,256,2592,732)
(91681,10996609763575,256,1408,548)
(91682,4707864058107,256,2904,752)
(91683,4570961975547,256,1440,608)
(91684,4707897088251,256,1728,580)
(91685,4570995005691,256,768,400)
(91686,4677507815805,256,768,400)
(91687,1391857834365,256,576,448)
(91688,13195793176827,256,3968,804)
(91689,13195826206971,256,1888,604)
(91690,2508697413879,256,1680,640)
(91691,9088520234231,256,2856,786)
(91692,10996626532599,256,2700,660)
(91693,4571019712891,256,1600,512)
(91694,4571019775419,256,1152,728)
(91695,9897416791291,256,2160,732)
(91696,863628529059,256,576,628)
(91697,867889941923,256,576,580)
(91698,835811642787,256,384,500)
(91699,837942349219,256,384,588)
(91700,861481307555,256,576,564)
(91701,867873426851,256,576,596)
(91702,2477292595407,256,864,764)
(91703,1675345631539,256,384,798)
(91704,1671084218675,256,384,734)
(91705,415564860827,256,576,668)
(91706,417711888987,256,864,648)
(91707,2476611311003,256,384,432)
(91708,1409845139803,256,384,488)
