(103000,4570156770911,256,3596,716)
(103001,13194987972191,256,1392,644)
(103002,413776841955,256,2528,748)
(103003,688560655651,256,2016,688)
(103004,688611500515,256,576,672)
(103005,2337878425915,256,1504,656)
(103006,1245849948475,256,2976,704)
(103007,209403366691,256,576,536)
(103008,211762122043,256,864,504)
(103009,241759800635,256,1728,668)
(103010,3299381186875,256,2088,644)
(103011,9072351227107,256,1888,612)
(103012,4674501545211,256,1560,612)
(103013,1238697844075,256,2160,640)
(103014,430053072235,256,576,416)
(103015,1185960545595,256,1024,496)
(103016,2272587779387,256,1712,512)
(103017,9072414133491,256,864,620)
(103018,1186509991567,256,1296,630)
(103019,1391863115407,256,576,528)
(103020,4674439613691,256,1408,572)
(103021,636869488099,256,1152,632)
(103022,2273185466683,256,864,440)
(103023,2750195010019,256,576,572)
(103024,2273185989051,256,1280,480)
(103025,628213514739,256,1296,726)
(103026,2750195794419,256,576,620)
(103027,5506490012091,256,1296,672)
(103028,5506456459579,256,1056,738)
(103029,3316056691131,256,864,552)
(103030,421479650683,256,1088,416)
(103031,207781933531,256,512,448)
(103032,1169984441531,256,2176,520)
(103033,1169985441019,256,2112,464)
(103034,6601645854139,256,1152,540)
(103035,3315995872699,256,768,480)
(103036,2273124224251,256,768,448)
(103037,413934080251,256,576,448)
(103038,688204072247,256,256,384)
(103039,1237975074223,256,256,320)
(103040,8934359876911,256,384,400)
(103041,8934410192687,256,1424,456)
(103042,8934476277039,256,1760,520)
(103043,8934376645935,256,1728,472)
(103044,4536409326959,256,1960,536)
(103045,4536525727087,256,1992,520)
(103046,414905935439,448,1152,584)
(103047,414967866959,256,576,464)
(103048,701326460015,384,2076,810)
(103049,726996124783,448,1440,730)
(103050,414906062171,448,1984,756)
(103051,414967993691,256,960,636)
(103052,717469287663,352,1404,770)
(103053,734583096559,448,1944,730)
(103054,747367335151,256,960,580)
(103055,747400365295,384,864,610)
(103056,427555325023,384,1384,648)
(103057,453258560607,448,960,584)
(103058,207942100583,384,960,648)
(103059,207940004455,448,512,584)
(103060,442437239903,256,384,400)
(103061,459584078943,256,576,464)
(103062,442587186783,352,936,616)
(103063,459700995679,448,1296,584)
(103064,459700225119,256,576,464)
(103065,459633624159,384,576,488)
(103066,207975138863,352,960,616)
(103067,207973042735,448,576,584)
(103068,207973565103,256,512,464)
(103069,207973597807,384,704,488)
(103070,1237962491695,256,864,440)
(103071,1237845574959,256,1716,700)
(103072,1237961975087,256,1660,700)
(103073,1237928944943,256,2184,572)
(103074,4536380425583,256,2288,740)
(103075,4536496825711,256,2616,652)
(103076,4536463795567,256,2908,644)
(103077,701330654303,352,1088,576)
(103078,727000319071,384,576,464)
(103079,4538010641999,256,384,384)
(103080,4538010832107,256,960,612)
(103081,4537948710479,256,1392,604)
(103082,4537961286891,256,768,592)
(103083,413844901211,256,1920,608)
(103084,4538010838223,256,2148,692)
(103085,4537961287247,256,640,480)
(103086,4537961293007,256,2076,692)
(103087,4538060924111,256,864,516)
(103088,413878453723,256,384,400)
(103089,4538077687375,256,864,516)
(103090,4538010641643,256,576,520)
(103091,4537948710123,256,1760,596)
(103092,4537948704363,256,2576,656)
(103093,4538048341227,256,576,488)
(103094,4538077687019,256,928,564)
(103095,714248062671,256,720,620)
(103096,731361871567,384,768,520)
(103097,413778314335,256,480,496)
(103098,413844915295,384,512,416)
(103099,4538010846303,256,960,480)
(103100,714147661007,256,1776,796)
(103101,731261469903,256,1152,628)
(103102,714098115791,256,1056,620)
(103103,699183170767,256,3262,832)
(103104,739950781647,256,384,440)
(103105,731361101007,256,1584,668)
(103106,714197746895,256,2130,820)
(103107,739834381519,256,1392,658)
(103108,4538011100255,256,1664,676)
(103109,4538077701215,256,864,516)
(103110,4538010649723,256,384,400)
(103111,4538011616507,256,1584,732)
(103112,4538077695099,256,1248,572)
(103113,425911682171,352,2176,720)
(103114,451581346939,384,1152,580)
(103115,413714957391,352,848,576)
(103116,413814842447,384,672,464)
(103117,688740943031,256,256,384)
(103118,438795543787,256,960,662)
(103119,438679143659,256,384,540)
(103120,425894905067,256,1248,694)
(103121,464432178411,256,576,514)
(103122,419376696395,256,1056,576)
(103123,419377218763,256,1944,650)
(103124,1185969124751,256,2976,580)
(103125,4471619106191,256,384,352)
(103126,1185968993935,256,1296,610)
(103127,4471618975375,256,384,400)
(103128,438829090539,256,720,682)
(103129,455942899435,384,768,572)
(103130,438712173803,256,576,758)
(103131,455942382827,256,576,614)
(103132,419377022539,256,1296,580)
(103133,419376251979,256,1152,746)
(103134,464531809515,256,384,460)
(103135,455825982699,256,576,634)
(103136,419327151179,256,576,734)
(103137,449375145547,256,576,584)
(103138,1238497266351,256,384,400)
(103139,1238496749743,256,864,520)
(103140,1238498845871,256,832,504)
(103141,1238496781487,256,384,368)
(103142,1271718258095,256,1168,432)
(103143,8938234881455,256,1248,460)
(103144,1185969005743,256,1152,620)
(103145,4471618987183,256,1216,416)
(103146,4570185540975,256,2008,520)
(103147,4570152510831,256,1440,528)
(103148,1177379579055,256,4028,624)
(103149,2272596239535,256,576,400)
(103150,209583654071,256,256,384)
(103151,211731647151,256,640,480)
(103152,216026090159,256,1264,692)
(103153,216026122863,256,1548,676)
(103154,216028187247,256,1464,516)
(103155,9896549459375,256,2192,516)
(103156,13194983712111,256,1728,612)
(103157,619384998063,256,640,384)
(103158,619486464335,256,512,456)
(103159,619485137807,256,768,400)
(103160,619384736143,256,512,520)
(103161,619484367247,256,832,504)
(103162,619434822031,256,1280,368)
(103163,4537004072539,256,1632,644)
(103164,4536999878251,256,1088,620)
(103165,2272595980495,256,576,504)
(103166,1177379320015,256,576,528)
(103167,4471619986671,256,960,480)
(103168,1185970005231,256,1872,528)
(103169,2272596762863,256,960,480)
(103170,1177380102383,256,1536,544)
(103171,4538077818191,256,1312,592)
(103172,4538061821647,256,1656,676)
(103173,4538077621611,256,640,424)
(103174,4538049238763,256,1568,616)
(103175,837655138027,256,1752,520)
(103176,846177963755,256,992,448)
(103177,837655138139,256,3204,670)
(103178,846177963867,256,1664,536)
(103179,1659067633387,256,1440,556)
(103180,1667590459115,256,384,352)
(103181,1171524062863,256,576,496)
(103182,2271002136207,256,384,416)
(103183,1171524455599,256,992,416)
(103184,2271002528943,256,384,352)
(103185,1177916182159,256,864,610)
(103186,2273132842639,256,576,520)
(103187,1178981535375,256,576,556)
(103188,2274198195855,256,256,352)
(103189,1178989923727,256,864,580)
(103190,1658147212687,256,576,496)
(103191,1177916574895,256,4464,620)
(103192,2273133235375,256,1248,536)
(103193,2753355877551,256,3432,560)
(103194,2274198588591,256,768,448)
(103195,2475648421711,256,1296,520)
(103196,430589957215,256,832,448)
(103197,3333301767599,256,2628,572)
(103198,10999818390959,256,1872,590)
(103199,9913124365743,256,1504,488)
(103200,2753364135087,256,4732,624)
(103201,2274206846127,256,1536,544)
(103202,6631719505263,256,2400,648)
(103203,13203019468143,256,1912,552)
(103204,621172428623,256,576,352)
(103205,1185959422199,256,864,416)
(103206,4475903839927,256,576,352)
(103207,620098603631,256,384,352)
(103208,414906062415,448,1296,584)
(103209,414939092559,256,640,464)
(103210,414968057423,448,1200,584)
(103211,414939613007,384,864,488)
(103212,414910256347,448,2256,756)
(103213,414910254427,256,1840,636)
(103214,414968059099,448,2036,756)
(103215,414909733979,384,1696,592)
(103216,414918643023,384,976,488)
(103217,414938961499,448,1912,732)
(103218,414905931355,256,2832,612)
(103219,414967862875,448,1872,696)
(103220,414939481947,384,1216,608)
(103221,414910123611,384,1504,636)
(103222,4536937031003,256,256,320)
(103223,4538006639851,256,864,524)
(103224,4538006644047,256,2532,700)
(103225,4536875099483,256,576,440)
(103226,4536875095643,256,2340,700)
(103227,4536974730587,256,2480,572)
(103228,4538073495119,256,960,572)
(103229,4536937030891,256,768,536)
(103230,4536875099371,256,960,524)
(103231,4536875093611,256,2392,688)
(103232,4536974730475,256,2256,620)
(103233,4537004076267,256,1952,684)
(103234,4536400225515,256,1888,624)
(103235,4536937096411,256,1668,724)
(103236,4537004078299,256,2312,660)
(103237,4538006447467,256,1120,552)
(103238,4538073489003,256,1152,644)
(103239,4536396027499,256,1560,656)
(103240,4536467205483,256,2016,556)
(103241,4570155916907,256,2256,528)
(103242,4570127537899,256,4224,754)
(103243,13195020674539,256,2992,660)
(103244,4536937489503,256,2340,724)
(103245,4537004090463,256,2184,660)
(103246,4538136405343,256,1632,644)
(103247,4536933295215,256,2288,756)
(103248,4536999896175,256,1824,644)
(103249,4537062794479,256,2000,684)
(103250,2285480620751,256,1152,620)
(103251,4475913941711,256,1712,512)
(103252,4475914429679,256,3400,624)
(103253,2285481108719,256,1600,480)
(103254,2285480632559,256,1152,620)
(103255,4475913953519,256,1792,512)
(103256,413832320603,256,2324,688)
(103257,413865350747,256,1872,604)
(103258,4538010772815,256,576,456)
(103259,4537961223759,256,384,400)
(103260,4537961227599,256,576,456)
(103261,4538060858703,256,576,472)
(103262,413865871195,384,2064,572)
(103263,4538077623887,256,576,472)
(103264,4538010768619,256,384,456)
(103265,4537948837099,256,2224,620)
(103266,4537948835179,256,1888,592)
(103267,4538048468203,256,2240,616)
(103268,4538077813995,256,2020,692)
(103269,413894252123,256,1696,628)
(103270,4537948837455,256,1976,660)
(103271,4538048472399,256,1184,544)
(103272,4538049242959,256,1184,544)
(103273,4537961223403,256,384,456)
(103274,4538060854507,256,384,424)
(103275,4536987561195,256,768,560)
(103276,4536350807275,256,1960,632)
(103277,4536450311403,256,1424,460)
(103278,4570126640363,256,4368,642)
(103279,4570139026667,256,576,460)
(103280,13194970354923,256,2136,516)
(103281,4570155986155,256,1960,648)
(103282,4570139471083,256,1152,600)
(103283,13195020734187,256,1872,516)
(103284,5532199300331,256,1440,662)
(103285,5532199300687,256,1296,590)
(103286,13198724308315,256,960,488)
(103287,413836512859,256,2040,736)
(103288,413869543003,256,1464,652)
(103289,413894315611,256,1856,748)
(103290,4537961419983,256,1876,748)
(103291,4537961418063,256,1152,592)
(103292,4538077820111,256,1736,684)
(103293,4538061305039,256,1152,624)
(103294,4537948640875,256,1760,520)
(103295,4537948644715,256,960,456)
(103296,4538077617771,256,576,488)
(103297,4538049242603,256,1744,632)
(103298,4536338224747,256,2388,728)
(103299,4536338228587,256,960,524)
(103300,4536467201643,256,2540,632)
(103301,4570155920747,256,576,400)
(103302,4570127541739,256,1600,618)
(103303,13195020670699,256,1280,540)
(103304,5532199234923,256,2160,742)
(103305,5532199296603,256,1440,678)
(103306,13198715919963,256,864,552)
(103307,4536451208939,256,2080,580)
(103308,4570151788139,256,2824,648)
(103309,4570139924203,256,576,460)
(103310,13194971125483,256,2072,588)
(103311,413895231071,384,448,416)
(103312,4538011747679,256,1696,592)
(103313,4538077828191,256,2176,624)
(103314,4538078598751,256,1992,676)
(103315,4538078602591,256,1312,592)
(103316,4538011551099,256,576,456)
(103317,4538077631611,256,576,488)
(103318,4538078598395,256,2008,692)
(103319,4538078596475,256,1536,560)
(103320,1171591048591,256,864,590)
(103321,842120080783,256,384,352)
(103322,1171590917775,256,1296,630)
(103323,842119949967,256,832,416)
(103324,1171591056559,256,768,440)
(103325,842120088751,256,256,256)
(103326,1186505993615,256,864,560)
(103327,1391859117455,256,384,320)
(103328,1187571346831,256,384,320)
(103329,1666728635791,256,384,400)
(103330,413952953935,256,1280,368)
(103331,2475524662991,256,576,368)
(103332,1186505862799,256,576,432)
(103333,1391858986639,256,576,480)
(103334,1187571216015,256,864,540)
(103335,1666728504975,256,256,320)
(103336,1187579604367,256,1728,560)
(103337,1666736893327,256,576,464)
(103338,413947662159,256,864,368)
(103339,1186506001583,256,1152,500)
(103340,1391859125423,256,1248,440)
(103341,1187571354799,256,384,320)
(103342,1666728643759,256,928,400)
(103343,1194022178223,256,1872,560)
(103344,3316004457903,256,1872,440)
(103345,2289238838703,256,1392,488)
(103346,1187579612335,256,1152,500)
(103347,1666736901295,256,2504,464)
(103348,1194022047407,256,1296,594)
(103349,3316004327087,256,576,480)
(103350,1194022054127,256,1440,520)
(103351,345220885199,256,256,320)
(103352,692040279279,256,512,320)
(103353,1170929165551,256,1088,416)
(103354,1177370693231,256,256,256)
(103355,1245821734511,256,576,352)
(103356,689917957359,256,384,352)
(103357,1170937550063,256,576,440)
(103358,4536936900187,256,960,536)
(103359,4537003882075,256,576,520)
(103360,4536932705899,256,1960,536)
(103361,4538073619819,256,3032,668)
(103362,413832193627,256,3132,752)
(103363,413894125147,256,2280,692)
(103364,4536874968667,256,2876,740)
(103365,4538073625935,256,1152,644)
(103366,4536975501147,256,3100,652)
(103367,4536874903147,256,1864,536)
(103368,4537003880043,256,2224,504)
(103369,4536975501035,256,2892,668)
(103370,4536338097771,256,2748,712)
(103371,4536467074667,256,960,552)
(103372,4570155789931,256,3024,528)
(103373,4570127410923,256,4992,750)
(103374,13195020543723,256,3308,612)
(103375,5532199104107,256,1440,734)
(103376,13198728502491,256,576,488)
(103377,4537062663775,256,2408,656)
(103378,4537004861023,256,2744,724)
(103379,4537062598255,256,576,504)
(103380,4537000666735,256,1152,668)
(103381,842153725647,256,1440,488)
(103382,2271102766799,256,1968,520)
(103383,842154118383,256,832,416)
(103384,2271103159535,256,1088,448)
(103385,2478485869919,256,256,256)
(103386,1391859215567,256,1920,620)
(103387,1186506091727,256,576,416)
(103388,1666728733903,256,1296,560)
(103389,1187571444943,256,576,352)
(103390,2491371228399,256,3600,620)
(103391,2286018104559,256,1776,536)
(103392,2766240746735,256,2704,560)
(103393,2287083457775,256,384,352)
(103394,2766249004271,256,3840,624)
(103395,2287091715311,256,1936,528)
(103396,3316004556015,256,864,500)
(103397,1194022276335,256,1392,488)
(103398,2287095356111,256,1296,590)
(103399,4477528677071,256,2096,496)
(103400,1178994314415,256,864,440)
(103401,1178994837743,256,576,400)
(103402,6601658437295,256,1056,480)
(103403,2289242836655,256,864,432)
(103404,2341051110751,256,1248,400)
(103405,416964482399,256,832,352)
(103406,829268757743,256,512,320)
(103407,413934167759,256,576,352)
(103408,2478485867759,256,576,440)
(103409,3316262407415,256,960,480)
(103410,5506695728375,256,576,432)
(103411,2753355386095,256,1184,416)
(103412,413934084335,256,384,352)
(103413,414843667551,352,1696,616)
(103414,414910268511,448,1392,584)
(103415,414968452191,384,1280,488)
(103416,414968841823,384,832,488)
(103417,717364561007,352,1440,770)
(103418,734578381935,448,1944,730)
(103419,414839342203,352,1512,740)
(103420,414905943163,448,2432,688)
(103421,734578001007,256,864,580)
(103422,734478369903,384,864,610)
(103423,747492119791,384,1320,610)
(103424,414968776059,384,1424,592)
(103425,440469062879,352,1032,616)
(103426,457582871775,448,1200,584)
(103427,453321458911,256,640,464)
(103428,208004032103,352,640,616)
(103429,207872959079,448,640,584)
(103430,207973556967,256,512,464)
(103431,207972590183,384,384,488)
(103432,688170511655,256,512,480)
(103433,688103466279,256,960,692)
(103434,688170067239,256,576,676)
(103435,688204058407,256,576,516)
(103436,459763123423,384,864,488)
(103437,207844065839,384,576,488)
(103438,1237974551855,256,2532,724)
(103439,1237990876463,256,2440,660)
(103440,1237874476335,256,2392,644)
(103441,8934539169583,256,1888,592)
(103442,8934505178415,256,2304,624)
(103443,8934421808431,256,1296,748)
(103444,8934438577455,256,2808,684)
(103445,8934389222703,256,2776,676)
(103446,8934439094063,256,2000,592)
(103447,4536476372335,256,2592,656)
(103448,4536509402479,256,2864,724)
(103449,4538006652015,256,576,440)
(103450,4536937038971,256,384,320)
(103451,1701480281487,256,384,500)
(103452,4536400233595,256,864,440)
(103453,1701355496847,256,576,648)
(103454,1675718862223,256,576,680)
(103455,1660745319823,256,576,660)
(103456,4536938005755,256,2244,724)
(103457,4537004084347,256,1912,644)
(103458,4538006905967,256,1600,700)
(103459,4538073506927,256,1120,572)
(103460,4538136405231,256,1600,660)
(103461,1709403448719,256,864,692)
(103462,1677258294671,256,864,696)
(103463,4536401134971,256,1952,580)
(103464,4536467215483,256,2336,596)
(103465,4570155934831,256,1440,520)
(103466,4570127549819,256,3720,702)
(103467,13194987136111,256,2920,660)
(103468,5532258014815,256,1440,648)
(103469,5532200209787,256,2160,726)
(103470,13198716833147,256,1888,584)
(103471,4536525792879,256,2688,636)
(103472,688772908279,256,256,320)
(103473,1238333957287,256,256,320)
(103474,1238395888807,256,1056,536)
(103475,1238433588391,256,384,552)
(103476,1238434358951,256,256,480)
(103477,4469522306655,256,2112,520)
(103478,2270566159967,256,992,448)
(103479,1238367772847,256,384,552)
(103480,1238434849967,256,576,480)
(103481,1238434373807,256,384,512)
(103482,4469522310495,256,768,400)
(103483,2270566163807,256,576,352)
(103484,4468448568927,256,2320,520)
(103485,2269492422239,256,832,448)
(103486,209615619319,256,256,320)
(103487,224552642151,256,384,440)
(103488,224581987943,256,1120,700)
(103489,224453011047,256,992,700)
(103490,211668739751,256,864,572)
(103491,215863560751,256,1616,724)
(103492,215964191343,256,1424,644)
(103493,215963191855,256,1120,660)
(103494,1169255631199,256,256,320)
(103495,1169196927071,256,640,536)
(103496,1169246472287,256,384,552)
(103497,1169146841183,256,1696,480)
(103498,1169271498847,256,1792,512)
(103499,717469287775,352,720,576)
(103500,734583096671,448,864,528)
(103501,747367335263,256,384,384)
(103502,747466966367,384,672,464)
(103503,701258695759,352,3336,792)
(103504,726994961487,448,2412,726)
(103505,413765731451,352,3068,720)
(103506,413832332411,448,2328,660)
(103507,701325550671,256,1584,836)
(103508,726995342415,256,1320,716)
(103509,694916662351,256,4336,848)
(103510,701308781647,256,1296,580)
(103511,701325677647,256,1680,694)
(103512,726995862863,256,1152,638)
(103513,694917563727,256,928,540)
(103514,701309162575,256,1296,650)
(103515,726962185295,384,768,598)
(103516,726995732047,256,1152,788)
(103517,694817031247,256,3216,868)
(103518,726995215439,256,864,734)
(103519,701209150543,256,1296,746)
(103520,724814709839,256,1584,770)
(103521,726945416271,256,1296,710)
(103522,4538010780783,256,384,400)
(103523,4570155994235,256,1752,588)
(103524,4570140132591,256,1632,640)
(103525,13195029136623,256,1248,516)
(103526,1662288858735,256,864,460)
(103527,1670811684463,256,576,400)
(103528,743171994831,384,2268,638)
(103529,413357839483,384,2344,580)
(103530,747466954447,384,672,520)
(103531,734582314191,256,1944,800)
(103532,717418960079,256,2234,880)
(103533,747366552783,256,2112,776)
(103534,715288253647,256,2390,860)
(103535,747350037711,256,2512,806)
(103536,732435092687,256,2500,812)
(103537,4538011747567,256,2620,748)
(103538,4538077826159,256,2156,676)
(103539,743105139919,256,1536,698)
(103540,711026840783,256,1680,718)
(103541,740957918415,256,1808,710)
(103542,837655144143,256,1944,550)
(103543,846177969871,256,1248,472)
(103544,743055594703,256,2432,838)
(103545,728140649679,256,1680,790)
(103546,740924888271,256,2344,820)
(103547,4538078602479,256,1736,684)
(103548,837655143899,256,4248,678)
(103549,846177969627,256,1600,504)
(103550,4538011034735,256,576,520)
(103551,4538077635695,256,576,472)
(103552,4538078596719,256,2176,624)
(103553,4536400618607,256,3552,736)
(103554,4536467219567,256,2780,664)
(103555,4570155930747,256,640,384)
(103556,4570127033455,256,1824,610)
(103557,1659067639503,256,1296,460)
(103558,1667590465231,256,256,256)
(103559,13194995393647,256,1216,540)
(103560,1385263474383,256,576,400)
(103561,1393786300111,256,1392,488)
(103562,4570156895611,256,960,480)
(103563,4570156901615,256,1440,600)
(103564,4570156897531,256,3056,696)
(103565,4570156895855,256,2880,672)
(103566,1385263474139,256,640,384)
(103567,1393786299867,256,1088,432)
(103568,13194988102895,256,1216,540)
(103569,13195021133039,256,2456,660)
(103570,1659067639259,256,4852,660)
(103571,1667590464987,256,1248,400)
(103572,5532258012783,256,864,440)
(103573,5532200215903,256,576,530)
(103574,13198729219695,256,640,440)
(103575,4570151806063,256,2136,588)
(103576,4570139419759,256,576,460)
(103577,13194970621039,256,1848,588)
(103578,4570214704367,256,2112,588)
(103579,4570140386543,256,1152,600)
(103580,13195045905647,256,1728,588)
(103581,5532258014459,256,1440,644)
(103582,5532200210031,256,864,590)
(103583,13198716833391,256,1328,536)
(103584,1662288864495,256,1824,580)
(103585,1670811690223,256,1392,472)
(103586,4536467990127,256,3280,696)
(103587,4570152576623,256,3852,696)
(103588,4570156705391,256,960,528)
(103589,13194987906671,256,2952,684)
(103590,4570214508143,256,640,384)
(103591,4570127804015,256,1992,630)
(103592,13195045709423,256,1328,564)
(103593,5532257949051,256,1296,644)
(103594,5532200085087,256,1296,650)
(103595,13198729415919,256,960,488)
(103596,1387410957919,256,2088,550)
(103597,1395933783647,256,1312,496)
(103598,413778117727,352,1088,576)
(103599,413844718687,448,864,528)
(103600,413894263903,256,384,384)
(103601,413895034463,384,832,464)
(103602,442587186427,352,1440,720)
(103603,459700995323,448,1728,660)
(103604,442536856811,256,1320,802)
(103605,459700210923,256,1320,706)
(103606,427496344779,256,2160,766)
(103607,419505999435,256,1584,620)
(103608,688741452519,256,512,480)
(103609,688678585959,256,384,592)
(103610,688740485735,256,384,656)
(103611,688740484775,256,384,560)
(103612,472485233915,256,768,480)
(103613,436144737515,256,864,722)
(103614,468223036651,256,1152,646)
(103615,427496162395,256,768,480)
(103616,419506457691,256,2504,718)
(103617,691962154295,256,512,432)
(103618,691961701799,256,768,600)
(103619,472584865019,384,1344,580)
(103620,468289891563,384,672,572)
(103621,468173491435,256,1152,766)
(103622,427379231819,256,2856,794)
(103623,453258546411,256,864,754)
(103624,419389082699,256,864,814)
(103625,453133241435,256,2016,724)
(103626,449404052683,256,864,754)
(103627,466075815147,256,960,694)
(103628,419389605067,256,1440,734)
(103629,449404060763,256,576,682)
(103630,453132012619,256,2688,764)
(103631,449403530315,256,1824,782)
(103632,1238334220335,256,1824,656)
(103633,1238334252079,256,1760,560)
(103634,1238434399791,256,576,624)
(103635,1238433883183,256,864,536)
(103636,1238434368047,256,576,608)
(103637,1238433851439,256,768,608)
(103638,8938167313711,256,1440,528)
(103639,1271650690351,256,2440,624)
(103640,8938233914671,256,640,384)
(103641,1271717291311,256,1632,540)
(103642,8938167830319,256,576,400)
(103643,1271651206959,256,1440,528)
(103644,8938117958959,256,1440,520)
(103645,1271601335599,256,3360,672)
(103646,829335725215,256,1152,600)
(103647,842119963807,256,1248,400)
(103648,1271780189615,256,1168,432)
(103649,8938296812975,256,2976,600)
(103650,1271663789487,256,1408,432)
(103651,8938180412847,256,2608,640)
(103652,1169913419359,256,768,400)
(103653,417218303583,256,576,400)
(103654,4570198117743,256,2320,520)
(103655,4570136186223,256,3824,672)
(103656,4570165087599,256,640,384)
(103657,4570185731439,256,1896,580)
(103658,209584163559,256,384,400)
(103659,209521296999,256,384,456)
(103660,209583196775,256,384,520)
(103661,209583195815,256,384,472)
(103662,1650276732215,256,576,516)
(103663,215897113263,256,1536,748)
(103664,215897145967,256,1536,676)
(103665,211668780591,256,768,592)
(103666,215963746927,256,1088,592)
(103667,211730680367,256,768,624)
(103668,215963714223,256,1088,684)
(103669,9896481891631,256,2488,660)
(103670,9896548492591,256,1216,540)
(103671,9896482408239,256,1280,540)
(103672,9896432536879,256,2776,660)
(103673,9896611390895,256,1792,588)
(103674,9896494990767,256,1344,588)
(103675,13194967387503,256,3180,684)
(103676,13194996288879,256,1328,564)
(103677,8865644595359,256,960,480)
(103678,8865661110431,256,768,592)
(103679,8865661364383,256,2416,656)
(103680,8865761512095,256,2128,560)
(103681,8865719167135,256,2608,624)
(103682,8865785768095,256,2320,536)
(103683,8865786665631,256,2368,608)
(103684,4674322239055,256,864,440)
(103685,4674322244815,256,1488,580)
(103686,4674321468495,256,3104,628)
(103687,4674421870159,256,1512,500)
(103688,1171593938103,256,384,416)
(103689,624047983799,256,576,590)
(103690,1650751227063,256,384,500)
(103691,414003283551,256,576,368)
(103692,2475524925023,256,576,352)
(103693,1376136801615,256,640,384)
(103694,430589955183,256,928,432)
(103695,1683968066991,256,960,528)
(103696,9350484690351,256,1152,610)
(103697,9898093020591,256,864,456)
(103698,413978103631,256,256,256)
(103699,1186625316015,256,1056,572)
(103700,1203736519855,256,1488,560)
(103701,1178035857583,256,960,576)
(103702,1178098305711,256,768,648)
(103703,4952378500255,256,768,528)
(103704,1666728518815,256,768,384)
(103705,3299918252207,256,864,500)
(103706,3300018653871,256,576,564)
(103707,4677508981919,256,768,384)
(103708,1391859000479,256,1520,432)
(103709,2475648435551,256,768,400)
(103710,430589949135,256,576,352)
(103711,2475648435439,256,1440,528)
(103712,430589947215,256,512,384)
(103713,6601654314399,256,1296,460)
(103714,5506437653919,256,384,352)
(103715,3316004332959,256,384,400)
(103716,1169917548127,256,256,256)
(103717,1376069686879,256,384,352)
(103718,413978121311,256,1280,368)
(103719,1169855616607,256,384,352)
(103720,413997471327,256,256,256)
(103721,414028437087,256,384,368)
(103722,4952386884767,256,1152,528)
(103723,1666736903327,256,928,432)
(103724,4982469365103,256,960,600)
(103725,4982502395247,256,1152,580)
(103726,13196594318703,256,1696,456)
(103727,6601646056863,256,576,400)
(103728,3315996075423,256,640,400)
(103729,3300282144095,256,576,400)
(103730,438106133743,256,928,400)
(103731,636203093175,256,960,480)
(103732,4469461404855,256,384,320)
(103733,346026101343,256,384,320)
(103734,2302776252063,256,960,416)
(103735,2285629413983,256,768,440)
(103736,4501699336863,256,1280,480)
(103737,1185959415479,256,864,440)
(103738,4475903846647,256,256,256)
(103739,1185958644919,256,1280,480)
(103740,4471608626359,256,384,320)
(103741,1177370826335,256,512,320)
(103742,2270439884015,256,384,320)
(103743,2338890925295,256,384,320)
(103744,1177379214687,256,384,320)
(103745,344952350367,256,256,256)
(103746,3299510233247,256,576,500)
(103747,3299385575583,256,864,564)
(103748,425338283755,256,1728,610)
(103749,433861109483,256,1392,520)
(103750,1246750779115,256,2008,520)
(103751,1255273604843,256,384,352)
(103752,1383652861675,256,4032,670)
(103753,1392175687403,256,576,416)
(103754,5532257818235,256,4020,724)
(103755,5532200078971,256,4184,750)
(103756,13198716702331,256,2064,552)
(103757,1387410957563,256,4868,678)
(103758,1395933783291,256,1408,528)
(103759,842120963295,256,1408,496)
(103760,829336724703,256,1664,536)
(103761,1238697850191,256,1296,520)
(103762,430053086319,256,576,352)
(103763,1666729518303,256,1296,520)
(103764,4952379499743,256,992,448)
(103765,1391859999967,256,1440,520)
(103766,4677509981407,256,384,352)
(103767,422117641567,256,1280,520)
(103768,430054053103,256,1088,448)
(103769,1666737902815,256,768,400)
(103770,4952387884255,256,576,400)
(103771,1170927102183,256,384,416)
(103772,623318771943,256,384,448)
(103773,1185959644407,256,960,416)
(103774,4475904068855,256,768,448)
(103775,2753512443191,256,1440,572)
(103776,2753483279783,256,768,650)
(103777,1658295782711,256,576,488)
(103778,10999701277999,256,1440,648)
(103779,3333184654639,256,2160,696)
(103780,9904484617519,256,1888,584)
(103781,1171536907423,256,6012,600)
(103782,1652558564511,256,2208,528)
(103783,10999818194735,256,576,440)
(103784,3333301571375,256,960,500)
(103785,9913124359983,256,640,440)
(103786,3333314153903,256,3168,572)
(103787,10999830777263,256,1152,650)
(103788,9913136942511,256,1344,536)
(103789,623857929431,256,1152,480)
(103790,623858191519,256,928,432)
(103791,620098605663,256,384,352)
(103792,620098609503,256,384,352)
(103793,691768858863,256,384,320)
(103794,623317817583,256,256,256)
(103795,743230707039,384,672,464)
(103796,413358229115,384,2608,580)
(103797,734477587535,384,864,638)
(103798,734578120015,256,2376,778)
(103799,717314233423,256,1296,766)
(103800,4538007032943,256,3744,740)
(103801,4538073633903,256,3520,652)
(103802,734577989199,256,864,808)
(103803,702399288399,256,3204,868)
(103804,734461072463,256,1296,770)
(103805,728069473615,256,2088,836)
(103806,728068953167,256,1680,812)
(103807,4536937292923,256,768,536)
(103808,4537003893883,256,1248,520)
(103809,4536400487547,256,3760,704)
(103810,4536467088507,256,2960,568)
(103811,4570155803771,256,1440,520)
(103812,4570126902395,256,5656,738)
(103813,13194995520623,256,4132,612)
(103814,4570156770555,256,3376,736)
(103815,4570156764795,256,1920,672)
(103816,13194996487407,256,1392,612)
(103817,4538136532207,256,2768,724)
(103818,732459865295,256,2424,872)
(103819,747374810319,256,1680,818)
(103820,4537004860667,256,2632,724)
(103821,4537004854907,256,1536,656)
(103822,423190800331,256,1152,432)
(103823,431713626059,256,1440,520)
(103824,4538136339823,256,864,520)
(103825,4538074404463,256,1152,652)
(103826,4538074408303,256,2112,644)
(103827,4536525923695,256,3304,688)
(103828,833897048011,256,2400,654)
(103829,842419873739,256,576,400)
(103830,4536467989883,256,2312,604)
(103831,4536467986043,256,3112,680)
(103832,4570152707439,256,1600,600)
(103833,4570156705147,256,576,400)
(103834,4570152703599,256,4168,736)
(103835,4570156701307,256,960,528)
(103836,13194996291183,256,1280,564)
(103837,13194996295023,256,3112,684)
(103838,4570214638959,256,1296,520)
(103839,4570127803771,256,4768,762)
(103840,13195045840239,256,3460,684)
(103841,5532257949295,256,1440,648)
(103842,5532200019323,256,2400,738)
(103843,13198729285215,256,1392,552)
(103844,835507654603,256,2400,654)
(103845,844030480331,256,2064,544)
(103846,413878715615,384,640,464)
(103847,688611508839,256,576,688)
(103848,688678030887,256,576,656)
(103849,468352797947,384,1344,580)
(103850,459712597227,256,1296,806)
(103851,427508731083,256,3248,842)
(103852,1238332990503,256,1744,688)
(103853,1238366791207,256,512,656)
(103854,1238433836583,256,384,672)
(103855,691928149287,256,1920,624)
(103856,691799172391,256,960,672)
(103857,453194910923,256,3040,838)
(103858,453195695323,256,2660,826)
(103859,1238366806063,256,768,656)
(103860,1238367322671,256,864,672)
(103861,842153993439,256,4536,600)
(103862,833631167711,256,1600,480)
(103863,1271780183855,256,1440,528)
(103864,8938296807215,256,960,480)
(103865,1271663267119,256,1600,624)
(103866,8938179890479,256,1920,672)
(103867,1245834515679,256,384,352)
(103868,2341051176159,256,576,440)
(103869,209454219879,256,576,536)
(103870,209520741927,256,576,520)
(103871,224553086567,256,1024,740)
(103872,211568141863,256,832,652)
(103873,211697118759,256,832,644)
(103874,1650159357223,256,1392,612)
(103875,215896146479,256,1024,724)
(103876,211601703471,256,1152,656)
(103877,9896611385135,256,960,564)
(103878,9896494468399,256,1296,684)
(103879,4467665144031,256,2480,688)
(103880,4467781290207,256,2384,656)
(103881,4467731744991,256,2528,672)
(103882,4674384366799,256,2528,668)
(103883,4674451221711,256,2356,620)
(103884,2338209482095,256,1440,528)
(103885,430053078351,256,384,320)
(103886,2766240621791,256,640,384)
(103887,4956673942751,256,1264,464)
(103888,2491371103455,256,3024,528)
(103889,4681804424415,256,384,320)
(103890,421580770671,256,640,384)
(103891,430054053215,256,1264,464)
(103892,2766249006303,256,2632,528)
(103893,4956682327263,256,1264,464)
(103894,3316004558047,256,960,528)
(103895,5506437879007,256,768,464)
(103896,6601654539487,256,1088,432)
(103897,3300282142063,256,960,528)
(103898,438106133855,256,1264,464)
(103899,438106131823,256,992,432)
(103900,1170926324903,256,1536,480)
(103901,623318248615,256,512,384)
(103902,636204092663,256,960,480)
(103903,4469462404343,256,640,384)
(103904,4674322435279,256,2480,636)
(103905,4674422320335,256,2608,636)
(103906,4674422328415,256,2144,596)
(103907,628280560359,256,768,648)
(103908,1171593407655,256,576,480)
(103909,628212992615,256,576,572)
(103910,1171526362279,256,768,440)
(103911,1650750696615,256,576,620)
(103912,1650683651239,256,384,572)
(103913,1171526370359,256,512,416)
(103914,624013986871,256,864,650)
(103915,1650683659319,256,384,572)
(103916,1169917611615,256,768,400)
(103917,1376069750367,256,576,416)
(103918,1177935259695,256,1600,576)
(103919,1177969328815,256,1152,696)
(103920,1186625310255,256,960,572)
(103921,1177968812207,256,1536,560)
(103922,3299951608495,256,864,620)
(103923,3299918055983,256,864,572)
(103924,1171603508383,256,1824,520)
(103925,1652625165471,256,1392,440)
(103926,9350484167983,256,960,600)
(103927,1683967544623,256,864,540)
(103928,9898092498223,256,1328,504)
(103929,1171653824159,256,1296,550)
(103930,3301892591263,256,576,440)
(103931,2271131897503,256,576,488)
(103932,1383273403615,256,768,400)
(103933,2478490064095,256,512,320)
(103934,1684097043887,256,960,528)
(103935,9350613667247,256,1152,630)
(103936,9898221997487,256,864,504)
(103937,421201188063,256,576,400)
(103938,416906745055,256,1184,416)
(103939,2302666147039,256,960,480)
(103940,2302666115295,256,1600,576)
(103941,4501738662111,256,832,416)
(103942,4501738693855,256,1632,560)
(103943,827356910815,256,512,320)
(103944,827354846431,256,1248,400)
(103945,10995948389599,256,864,620)
(103946,10996064789727,256,864,572)
(103947,623856790735,256,384,320)
(103948,628151764191,256,576,352)
(103949,1377095947487,256,512,320)
(103950,2476607050975,256,256,256)
(103951,1666995752183,256,576,440)
(103952,5500254063863,256,384,352)
(103953,4956940176631,256,384,400)
(103954,1651965465823,256,384,320)
(103955,2751476569311,256,832,352)
(103956,3300963585263,256,384,320)
(103957,2274197966063,256,384,352)
(103958,4674452196575,256,2964,692)
(103959,1171492809767,256,960,480)
(103960,628213514983,256,1152,696)
(103961,1650650098727,256,864,660)
(103962,835508112607,256,4680,600)
(103963,833643744479,256,1536,544)
(103964,2753382681895,256,960,696)
(103965,1658149506343,256,1392,552)
(103966,3301892820191,256,1728,540)
(103967,833660259551,256,1440,520)
(103968,2478490127583,256,576,440)
(103969,4501689339103,256,1600,576)
(103970,827891715295,256,384,352)
(103971,13194971581663,256,1296,660)
(103972,350782538831,384,1384,648)
(103973,357174658127,256,384,400)
(103974,350666392655,352,1152,616)
(103975,380680586319,384,576,488)
(103976,207008998997,384,992,648)
(103977,207009129813,256,256,400)
(103978,207167334229,352,576,616)
(103979,207134692981,384,448,488)
(103980,696189654875,256,960,416)
(103981,207556578635,384,1216,648)
(103982,207589608779,256,512,400)
(103983,207656463691,256,1024,464)
