(1000,4536945649075,352,1408,808)
(1001,18010960272968,256,1008,874)
(1002,1248789447765,256,3088,1020)
(1003,2337922647475,256,2336,936)
(1004,1177240673784,256,1280,676)
(1005,362274692568,432,1248,884)
(1006,654215191792,432,1320,1082)
(1007,654198414800,256,1524,1034)
(1008,344409823916,256,992,700)
(1009,344409855660,256,1216,812)
(1010,619287813972,256,1216,728)
(1011,344489150700,384,1984,756)
(1012,1170922184594,384,3472,696)
(1013,623313854354,384,2568,688)
(1014,1169848454828,384,1760,640)
(1015,348435959468,384,768,640)
(1016,1173069668012,256,576,656)
(1017,623314636722,256,1088,600)
(1018,346288475988,352,2032,784)
(1019,1650079473554,384,768,632)
(1020,1375201578668,384,1152,724)
(1021,1650080255922,256,576,528)
(1022,825445764948,352,2880,832)
(1023,413130311286,256,512,520)
(1024,344490052076,512,1920,816)
(1025,344556903148,384,1488,788)
(1026,344481663724,480,5886,908)
(1027,344562674924,512,2576,828)
(1028,1240736767073,384,1008,806)
(1029,1240736386145,256,512,580)
(1030,1257504812389,512,1152,862)
(1031,628554799322,384,384,616)
(1032,628554418394,384,512,608)
(1033,624318159066,256,256,576)
(1034,628487817434,512,768,712)
(1035,344490052494,512,1280,712)
(1036,2474761831975,384,1344,752)
(1037,2337859749415,384,768,748)
(1038,1257496424037,512,1152,914)
(1039,2337859610275,384,576,716)
(1040,2474761692835,384,768,676)
(1041,2474761438883,256,576,636)
(1042,2337859356323,256,384,576)
(1043,4536945649431,384,848,716)
(1044,4536945649319,384,832,676)
(1045,4673759667875,448,2144,800)
(1046,4536857585315,448,1952,740)
(1047,2337859737251,256,384,620)
(1048,2474761819811,256,256,448)
(1049,2337922647719,384,1120,756)
(1050,2474761627427,384,1536,692)
(1051,2337859544867,384,1056,748)
(1052,2474761817891,256,864,640)
(1053,2337859735331,256,384,464)
(1054,1248311280997,544,960,926)
(1055,344496343758,544,2208,760)
(1056,4673818372003,448,1440,740)
(1057,4536916289443,448,1456,740)
(1058,1797110465900,480,960,972)
(1059,1797110531308,640,768,858)
(1060,18281195408748,384,384,670)
(1061,1796981032044,656,1632,1026)
(1062,2892197692524,768,1280,978)
(1063,1790668019020,624,1600,1008)
(1064,2892327191788,480,768,858)
(1065,18281162380636,256,256,548)
(1066,1796952196188,704,1152,874)
(1067,18281161405772,512,768,770)
(1068,3439777186908,512,1088,914)
(1069,1790668084428,448,768,788)
(1070,18281094550860,384,576,676)
(1071,2892327126380,544,640,846)
(1072,3439935522028,512,576,726)
(1073,3439806022764,576,864,862)
(1074,1797047633004,704,1256,1056)
(1075,18281045005644,512,768,754)
(1076,1790538585164,704,2536,1044)
(1077,3439872623724,384,576,676)
(1078,1797051827292,512,672,752)
(1079,18281144636748,384,576,632)
(1080,1790505555020,544,1440,832)
(1081,3439876818012,256,384,576)
(1082,1257504808549,384,864,810)
(1083,2474761700915,384,768,716)
(1084,2337859618355,384,576,716)
(1085,4536945387399,256,992,636)
(1086,1257380023909,384,1248,844)
(1087,1247237539429,512,1152,904)
(1088,1248848151781,384,384,576)
(1089,1257379507301,384,1592,816)
(1090,4536945645235,384,1280,692)
(1091,4536945381283,384,1472,752)
(1092,4673818380083,448,1440,740)
(1093,4536916297523,448,1624,800)
(1094,3867096941804,560,1888,1020)
(1095,18011023197276,544,1152,870)
(1096,977120953548,560,1840,1016)
(1097,18010960417868,576,1792,934)
(1098,7152746923244,256,256,560)
(1099,18011086036556,384,576,688)
(1100,413777823635,384,1296,692)
(1101,1248840156277,384,2016,778)
(1102,1244670370933,384,1248,818)
(1103,4536945256339,256,864,604)
(1104,1248915395701,256,768,638)
(1105,1245878622065,256,576,520)
(1106,3303105050213,256,864,536)
(1107,1248906757237,384,2064,808)
(1108,2337922516659,384,1248,740)
(1109,1177240685948,384,576,520)
(1110,4536945190819,256,384,448)
(1111,2337922189219,384,1808,756)
(1112,1241583662449,256,768,568)
(1113,1177240674140,384,768,552)
(1114,3299346954081,256,576,520)
(1115,1237825566561,256,1152,584)
(1116,353701669082,512,768,668)
(1117,353685280986,256,384,504)
(1118,353585268954,384,576,616)
(1119,347234978010,384,384,548)
(1120,353618299098,512,768,668)
(1121,353735215834,384,576,576)
(1122,637102394610,256,576,716)
(1123,624318156018,384,576,778)
(1124,637044591858,512,1152,894)
(1125,637144222962,384,864,764)
(1126,637144211154,384,768,748)
(1127,637027294418,384,1280,826)
(1128,622170672594,384,1632,792)
(1129,637052067026,256,576,652)
(1130,624267828434,256,640,694)
(1131,637043809490,384,576,830)
(1132,4673759405955,352,960,880)
(1133,1248253347429,480,1632,1024)
(1134,1248252576869,256,576,842)
(1135,4673818118051,352,1884,832)
(1136,4536916035491,352,2300,880)
(1137,2474795370403,256,1680,816)
(1138,2337893287843,256,1296,748)
(1139,4673947879347,256,2148,816)
(1140,1169187633513,256,1856,632)
(1141,623177333097,256,576,496)
(1142,344409452258,352,1024,708)
(1143,207117032936,432,1504,884)
(1144,240794146296,352,1024,708)
(1145,344409812646,352,960,708)
(1146,206971247096,352,1024,730)
(1147,1169066210885,352,640,664)
(1148,216562566648,432,3184,916)
(1149,624425147480,432,720,832)
(1150,2268607194453,352,768,664)
(1151,624395787848,256,672,736)
(1152,1169095570517,256,1264,736)
(1153,207637734835,256,1464,736)
(1154,207642204664,432,2304,892)
(1155,2268688750072,352,960,724)
(1156,240923123192,256,2912,796)
(1157,4468131339760,352,1024,724)
(1158,207511559640,352,2144,770)
(1159,1169579945638,256,1440,796)
(1160,207637126648,256,1824,858)
(1161,619287334316,256,512,528)
(1162,619287322508,384,992,632)
(1163,619287588268,384,768,608)
(1164,619287715244,384,832,632)
(1165,619287584428,352,1072,744)
(1166,619287813356,448,1024,648)
(1167,2268577834465,384,512,576)
(1168,1169066210529,256,384,464)
(1169,620897738636,256,576,528)
(1170,620898131372,256,384,512)
(1171,2270165179116,384,768,648)
(1172,1170653552300,256,576,688)
(1173,207116949868,384,512,664)
(1174,207167265644,384,1152,656)
(1175,207017318764,256,576,632)
(1176,207050348908,512,1568,768)
(1177,4467630190181,384,704,560)
(1178,4467644799852,256,576,528)
(1179,4467611253100,384,640,608)
(1180,344409814678,384,960,608)
(1181,223661366636,352,880,744)
(1182,344409826486,352,1152,744)
(1183,4467630320997,384,640,560)
(1184,207511971491,256,256,448)
(1185,207637735079,384,576,584)
(1186,206975100707,256,576,464)
(1187,223653180785,448,1056,608)
(1188,344410433238,448,1152,648)
(1189,4467644813692,448,1152,648)
(1190,344410825974,448,960,648)
(1191,212142302300,512,2496,780)
(1192,210087482716,256,576,624)
(1193,212267603548,384,1152,728)
(1194,212209804636,384,1920,644)
(1195,212209284188,512,2016,788)
(1196,212208903260,384,1872,672)
(1197,624584463580,256,256,576)
(1198,624526658908,384,384,616)
(1199,624459156572,512,768,712)
(1200,624525757532,384,512,608)
(1201,4467630317157,256,768,480)
(1202,2268607194341,384,512,576)
(1203,223653181029,448,1088,608)
(1204,207023289445,384,384,576)
(1205,2268607188581,256,256,448)
(1206,1169095568485,384,768,584)
(1207,223716087413,448,960,608)
(1208,628691732172,384,512,576)
(1209,622436914636,384,576,644)
(1210,628691209804,256,256,448)
(1211,624521551436,384,384,584)
(1212,2268607972981,256,512,448)
(1213,1169096352885,384,1152,584)
(1214,207512938387,256,384,448)
(1215,207637720995,384,1152,584)
(1216,207704133548,256,768,624)
(1217,207641431468,384,1744,680)
(1218,207574386092,512,1888,776)
(1219,207641241004,384,960,664)
(1220,619354626412,384,640,624)
(1221,619421227372,256,384,528)
(1222,2268703331820,448,1472,672)
(1223,8865754241404,256,384,496)
(1224,8865654610300,256,384,512)
(1225,8865687640444,384,2592,648)
(1226,223761964524,256,768,688)
(1227,2269108604332,384,768,624)
