(109000,413669631583,256,256,256)
(109001,623045186783,256,256,256)
(109002,621166147019,256,1248,448)
(109003,346302821835,256,576,424)
(109004,621166154987,256,1984,464)
(109005,346302829803,256,384,424)
(109006,346289149675,256,768,448)
(109007,619294299883,256,576,464)
(109008,621167056363,256,2288,472)
(109009,825446438635,256,1280,368)
(109010,827324478923,256,1696,448)
(109011,827324486891,256,1280,368)
(109012,2749590869739,256,1920,440)
(109013,2476591912683,256,512,320)
(109014,2751469819371,256,2064,440)
(109015,2476592244171,256,1920,500)
(109016,827324814539,256,2576,464)
(109017,827325588939,256,3056,496)
(109018,2476592240331,256,512,320)
(109019,842357061067,256,2576,464)
(109020,2752007015883,256,576,464)
(109021,346026221259,256,384,400)
(109022,344960868043,256,512,352)
(109023,345011195627,256,512,320)
(109024,346084937195,256,384,352)
(109025,827861937355,256,576,436)
(109026,843967536843,256,1968,488)
(109027,2475518502603,256,1920,500)
(109028,2491624499023,256,2504,500)
(109029,6598686975823,256,384,320)
(109030,2492161369807,256,576,508)
(109031,827087494379,256,256,256)
(109032,827062329035,256,1152,448)
(109033,1376826531051,256,1248,472)
(109034,1375752793323,256,768,448)
(109035,1376818146539,256,576,464)
(109036,688824356331,256,1184,416)
(109037,689885517291,256,384,400)
(109038,827861343947,256,576,424)
(109039,830008831211,256,384,368)
(109040,690422386155,256,832,352)
(109041,414131209451,256,384,442)
(109042,688976334187,256,576,500)
(109043,207782790763,256,384,436)
(109044,688013821291,256,576,488)
(109045,2337280730475,256,864,496)
(109046,1246084044139,256,864,508)
(109047,2337281705339,256,1728,464)
(109048,1254673915243,256,864,500)
(109049,2354768352491,256,576,526)
(109050,4545201673451,256,256,256)
(109051,1651081581803,256,576,520)
(109052,1238572836075,256,1280,368)
(109053,413933954283,256,384,424)
(109054,348500633199,256,864,472)
(109055,2492207303915,256,576,526)
(109056,224424742507,256,576,488)
(109057,1375202256495,256,1920,440)
(109058,3299346687599,256,384,320)
(109059,206976536171,256,384,424)
(109060,207001693547,256,576,464)
(109061,207035246059,256,1152,448)
(109062,1246083782011,256,1248,472)
(109063,692582915307,256,1440,472)
(109064,829484997867,256,256,256)
(109065,690452208875,256,384,352)
(109066,418778750187,256,576,448)
(109067,1246088236395,256,384,368)
(109068,688816049499,256,832,352)
(109069,826254921451,256,384,352)
(109070,2354189995387,256,384,368)
(109071,688142798187,256,576,508)
(109072,2337293307243,256,256,256)
(109073,2749597584747,256,576,496)
(109074,2337410229739,256,1296,500)
(109075,2337410682235,256,384,320)
(109076,6597888216443,256,768,464)
(109077,1658534923627,256,384,320)
(109078,1658534925547,256,576,530)
(109079,1651987619051,256,1216,464)
(109080,1651987619163,256,576,368)
(109081,1655716355307,256,384,424)
(109082,3333567911291,256,576,400)
(109083,9913927570683,256,864,514)
(109084,1238435474667,256,1280,368)
(109085,3300156345579,256,1248,440)
(109086,688811855211,256,576,464)
(109087,415011868395,256,1184,416)
(109088,413669640827,256,1344,400)
(109089,2337280265963,256,384,352)
(109090,206976521963,256,384,400)
(109091,688006567403,256,768,416)
(109092,215964815083,256,576,508)
(109093,206977502955,256,576,464)
(109094,206970689915,256,512,320)
(109095,206970231531,256,384,400)
(109096,206970624379,256,768,416)
(109097,2476592506447,256,576,508)
(109098,4675615635023,256,1440,500)
(109099,4537149592811,256,1248,520)
(109100,4537249221995,256,1632,512)
(109101,2750396671567,256,256,256)
(109102,1272404088043,256,384,320)
(109103,1272404088155,256,576,530)
(109104,833767515727,256,576,496)
(109105,9347496252763,256,576,512)
(109106,835378121963,256,384,376)
(109107,4949419800143,256,384,320)
(109108,842357323343,256,864,464)
(109109,843967929579,256,864,376)
(109110,2338243773819,256,1248,472)
(109111,8939038084475,256,384,352)
(109112,8943332527483,256,2088,514)
(109113,5499372213499,256,576,472)
(109114,4570955683067,256,1440,526)
(109115,4570955681147,256,576,400)
(109116,13195786882427,256,2808,472)
(109117,1238572313707,256,1664,440)
(109118,344961656527,256,1184,416)
(109119,619831174863,256,384,352)
(109120,689889777115,256,256,256)
(109121,1238572844155,256,576,440)
(109122,688816041419,256,768,400)
(109123,1254678891899,256,576,440)
(109124,704980817387,256,384,352)
(109125,1246213805435,256,1248,472)
(109126,688547612923,256,256,256)
(109127,2477129508047,256,576,488)
(109128,4676153026255,256,1728,496)
(109129,224425709291,256,864,496)
(109130,215836296443,256,1728,464)
(109131,2337293829611,256,512,320)
(109132,688076719595,256,864,500)
(109133,2749598107115,256,768,464)
(109134,708676001131,256,576,500)
(109135,1666990579051,256,384,320)
(109136,1271867217259,256,1944,530)
(109137,9076477037819,256,864,514)
(109138,346826024655,256,864,472)
(109139,354341299919,256,256,256)
(109140,353282139855,256,768,448)
(109141,628145465039,256,384,368)
(109142,688811849163,256,1152,448)
(109143,692569939179,256,576,472)
(109144,1240178269419,256,256,256)
(109145,1650884517099,256,768,448)
(109146,1237768653947,256,1024,400)
(109147,688071544299,256,384,352)
(109148,834303796943,256,1680,464)
(109149,692037262683,256,384,352)
(109150,207039448315,256,1152,448)
(109151,688007548395,256,864,472)
(109152,207035436523,256,256,256)
(109153,207047822827,256,768,448)
(109154,2766502274895,256,512,320)
(109155,4956935595855,256,864,500)
(109156,6599760586575,256,864,500)
(109157,2768112881131,256,576,460)
(109158,4708394634491,256,3408,526)
(109159,3334104780155,256,864,526)
(109160,9913927634171,256,384,352)
(109161,9913390765307,256,576,514)
(109162,3350080949627,256,1296,526)
(109163,3350080886139,256,576,400)
(109164,825986500859,256,256,256)
(109165,690422453723,256,576,352)
(109166,1255214795899,256,1152,440)
(109167,1246625891579,256,864,368)
(109168,3300156607611,256,576,440)
(109169,2339020836331,256,576,352)
(109170,696195845611,256,864,472)
(109171,2353935781355,256,256,256)
(109172,6601912192379,256,576,440)
(109173,3316262210939,256,384,368)
(109174,692574133467,256,384,352)
(109175,688547549435,256,384,352)
(109176,1650888711387,256,576,400)
(109177,413669646587,256,1248,400)
(109178,1246088039675,256,256,256)
(109179,211000924411,256,256,320)
(109180,413669625531,256,512,320)
(109181,413933868411,256,512,352)
(109182,215965273339,256,864,500)
(109183,6597900340715,256,384,320)
(109184,2749727084011,256,864,500)
(109185,827861341659,256,384,400)
(109186,1178037488891,256,864,472)
(109187,3300019768571,256,864,440)
(109188,692037197163,256,576,472)
(109189,825982308603,256,384,352)
(109190,2337309625595,256,384,352)
(109191,3299352939771,256,768,400)
(109192,206976504059,256,768,416)
(109193,413665431355,256,384,320)
(109194,207001687291,256,512,320)
(109195,206970198459,256,256,352)
(109196,207006862587,256,864,472)
(109197,206970245371,256,768,416)
(109198,464194675949,256,256,380)
(109199,876511086167,256,384,502)
(109200,1237769831535,256,384,376)
(109201,1246085023087,256,1728,460)
(109202,2354185553263,256,1872,484)
(109203,620092544591,256,256,368)
(109204,619352106831,256,384,368)
(109205,344424011343,256,384,424)
(109206,344474330959,256,864,464)
(109207,619352233807,256,512,440)
(109208,2339350545759,256,384,376)
(109209,620093326959,256,576,368)
(109210,344474338927,256,864,448)
(109211,619352245615,256,832,440)
(109212,619319465583,256,768,440)
(109213,825446442831,256,1696,448)
(109214,825446450799,256,1280,368)
(109215,825445668431,256,1984,464)
(109216,2474713098063,256,1648,472)
(109217,2749590873935,256,256,256)
(109218,2749591000911,256,1976,472)
(109219,2474713106031,256,1152,440)
(109220,2750396089967,256,384,320)
(109221,2749591012719,256,2608,440)
(109222,2749591262831,256,576,440)
(109223,1650080159343,256,512,320)
(109224,3299346814575,256,576,440)
(109225,2337274021487,256,864,368)
(109226,207002609007,256,1152,440)
(109227,620929168591,256,256,256)
(109228,619839042767,256,384,352)
(109229,1172815679087,256,384,320)
(109230,623076642415,256,576,352)
(109231,2354189551215,256,864,368)
(109232,1169594846831,256,1216,416)
(109233,619855810159,256,384,400)
(109234,623060258159,256,384,400)
(109235,620929551727,256,512,352)
(109236,1237898617967,256,1296,460)
(109237,1237832729839,256,384,352)
(109238,3299353594991,256,384,376)
(109239,2339154462047,256,1280,368)
(109240,2491624498667,256,2904,460)
(109241,6598686975467,256,768,400)
(109242,2768112883407,256,864,508)
(109243,1667187641711,256,576,440)
(109244,4957635906911,256,576,470)
(109245,621703410895,256,384,320)
(109246,623865083087,256,576,440)
(109247,624924243151,256,384,368)
(109248,1650630702287,256,864,464)
(109249,842553935071,256,576,460)
(109250,2478887175391,256,384,376)
(109251,829234974319,256,384,352)
(109252,1378974010991,256,1152,400)
(109253,1376843304559,256,1216,416)
(109254,1653843529327,256,256,256)
(109255,1650647469679,256,576,352)
(109256,1653851917679,256,576,400)
(109257,415020191567,256,576,352)
(109258,689889709903,256,576,400)
(109259,688006547835,256,384,352)
(109260,414739188091,256,576,416)
(109261,207001687663,256,576,352)
(109262,689617095023,256,1344,400)
(109263,692033000815,256,576,400)
(109264,1652495070415,256,576,448)
(109265,1654642544239,256,384,320)
(109266,1655716285807,256,384,352)
(109267,825445435771,256,832,352)
(109268,827324469071,256,1088,416)
(109269,413128581499,256,1248,400)
(109270,688006484347,256,256,256)
(109271,206970245743,256,512,320)
(109272,688006488431,256,1344,400)
(109273,1237762290031,256,512,320)
(109274,1650079144303,256,384,320)
(109275,206970624623,256,576,352)
(109276,623045086647,256,768,400)
(109277,2476592506091,256,576,460)
(109278,2476593153515,256,3120,484)
(109279,827325596907,256,1936,376)
(109280,827325978191,256,1216,488)
(109281,2476592633067,256,832,352)
(109282,842356942059,256,1936,376)
(109283,831083685071,256,576,496)
(109284,2476593022699,256,768,400)
(109285,2767039139563,256,576,352)
(109286,2493234974443,256,576,460)
(109287,842357843435,256,1936,376)
(109288,850409983723,256,384,376)
(109289,843967935695,256,1152,464)
(109290,4679373468879,256,576,500)
(109291,1393723487439,256,384,320)
(109292,5500785964239,256,576,464)
(109293,620904015055,256,256,256)
(109294,619838661839,256,384,352)
(109295,344960885967,256,384,400)
(109296,620904912591,256,512,320)
(109297,619839559375,256,576,400)
(109298,689889777359,256,384,352)
(109299,620904924399,256,384,320)
(109300,619839571183,256,768,400)
(109301,619856340207,256,384,352)
(109302,1246213999983,256,512,320)
(109303,2354214899055,256,384,352)
(109304,1254736825711,256,1392,440)
(109305,620930077935,256,384,320)
(109306,827862852815,256,384,436)
(109307,843967554767,256,1936,488)
(109308,4951030929103,256,1536,496)
(109309,2493234980559,256,864,508)
(109310,4683668301519,256,256,256)
(109311,6600297457359,256,864,496)
(109312,2766502661487,256,1248,484)
(109313,6599760973167,256,576,460)
(109314,4956935982447,256,384,352)
(109315,2475518895339,256,576,460)
(109316,4950493156943,256,3568,508)
(109317,621703927503,256,576,440)
(109318,621703939311,256,512,320)
(109319,621703029967,256,384,368)
(109320,346825254095,256,864,464)
(109321,628160042703,256,384,320)
(109322,629219202767,256,384,368)
(109323,354355877583,256,768,448)
(109324,628160054511,256,1152,440)
(109325,623851414767,256,576,440)
(109326,628145857775,256,384,320)
(109327,629219214575,256,576,368)
(109328,631366690031,256,384,368)
(109329,354355889391,256,864,448)
(109330,1650617033967,256,864,472)
(109331,354341692655,256,256,256)
(109332,356503364847,256,576,448)
(109333,624925152495,256,768,440)
(109334,629219595503,256,512,320)
(109335,631381267695,256,576,440)
(109336,1246083845743,256,576,352)
(109337,827861361871,256,384,424)
(109338,835377534671,256,1504,464)
(109339,835377546479,256,576,368)
(109340,1658937517295,256,576,440)
(109341,1385133352175,256,384,320)
(109342,837525021935,256,384,368)
(109343,1660011255023,256,576,440)
(109344,1237763362415,256,864,440)
(109345,2337274465903,256,384,320)
(109346,3299346681455,256,576,368)
(109347,2339152971103,256,832,352)
(109348,2475519411947,256,3944,484)
(109349,4950494058319,256,3384,500)
(109350,2491624494827,256,832,352)
(109351,2491624367851,256,3120,460)
(109352,6599760586219,256,576,484)
(109353,1668601263311,256,864,500)
(109354,4682058081903,256,1728,484)
(109355,2491624760943,256,864,460)
(109356,6598687237743,256,576,352)
(109357,2491653858543,256,576,440)
(109358,2767068630255,256,864,440)
(109359,2493264465135,256,384,320)
(109360,6602445071599,256,576,400)
(109361,3316795090159,256,576,460)
(109362,2768113276255,256,2064,500)
(109363,3316794959455,256,384,320)
(109364,3317868697183,256,576,500)
(109365,346838601423,256,576,352)
(109366,2476336156367,256,512,320)
(109367,353280265935,256,576,400)
(109368,346097389263,256,384,352)
(109369,345023778511,256,1088,416)
(109370,827328728783,256,1088,416)
(109371,1245951665391,256,384,320)
(109372,1245951659631,256,864,440)
(109373,1245951855855,256,384,320)
(109374,1376825445615,256,384,320)
(109375,3300969876719,256,384,320)
(109376,6601912192623,256,864,440)
(109377,2357947633263,256,576,368)
(109378,346097781999,256,576,352)
(109379,3299896265967,256,576,400)
(109380,689885582811,256,256,256)
(109381,688824358363,256,512,320)
(109382,413934069211,256,512,352)
(109383,2270466049247,256,256,256)
(109384,346354648287,256,384,352)
(109385,414751770863,256,256,256)
(109386,414743382267,256,384,320)
(109387,206974397103,256,384,352)
(109388,3299483094255,256,576,400)
(109389,3299482903791,256,576,460)
(109390,842357851359,256,1248,440)
(109391,2474745562335,256,384,368)
(109392,2477141364431,256,576,440)
(109393,346902597327,256,864,472)
(109394,827865534159,256,576,400)
(109395,1692353596639,256,864,460)
(109396,1376889441519,256,576,440)
(109397,3300976069871,256,384,320)
(109398,350123822319,256,576,472)
(109399,827056048367,256,256,256)
(109400,690422388187,256,576,352)
(109401,415544485339,256,768,416)
(109402,689617096943,256,1248,400)
(109403,688006549755,256,384,352)
(109404,414739190011,256,576,416)
(109405,206970202927,256,384,320)
(109406,414753852655,256,512,320)
(109407,346302811375,256,384,352)
(109408,345214389935,256,384,320)
(109409,827861339611,256,384,400)
(109410,825445437691,256,576,352)
(109411,206970139439,256,256,256)
(109412,827324468463,256,512,320)
(109413,413128560431,256,256,256)
(109414,1813564933195,384,1024,726)
(109415,1813565703755,256,576,400)
(109416,975539831883,384,1752,718)
(109417,3867096171595,256,576,480)
(109418,975523316811,256,960,576)
(109419,1523247793227,384,1440,702)
(109420,18284765561931,448,2112,674)
(109421,975639462987,256,576,520)
(109422,18010961396811,256,1440,608)
(109423,968181990475,352,960,646)
(109424,18284824135243,448,960,626)
(109425,18011019970123,256,576,524)
(109426,18007358215755,384,576,506)
(109427,455671844217,256,512,504)
(109428,455554469225,256,384,560)
(109429,423492685161,256,384,576)
(109430,4675616163439,256,1152,460)
(109431,691795005039,256,576,400)
(109432,1653838319215,256,384,320)
(109433,691778228047,256,1296,440)
(109434,1238732153967,256,576,380)
(109435,4541057639775,256,384,368)
(109436,4541057639663,256,1296,470)
(109437,2750593664239,256,384,380)
(109438,1651962453707,256,512,320)
(109439,1240182857307,256,1152,440)
(109440,418770361947,256,384,320)
(109441,688841596523,256,576,416)
(109442,692574527067,256,384,368)
(109443,1651958259531,256,576,368)
(109444,1239670759019,256,1216,464)
(109445,876449142483,256,576,442)
(109446,859935645267,256,384,554)
(109447,859868599891,256,384,530)
(109448,842692859475,256,384,562)
(109449,4949420328559,256,384,352)
(109450,4570988463455,256,576,440)
(109451,4570988463343,256,1152,506)
(109452,416917229167,256,384,352)
(109453,4679374251247,256,576,484)
(109454,1393724269807,256,576,400)
(109455,827057508175,256,1152,440)
(109456,842357851759,256,1936,376)
(109457,6598766920943,256,1296,380)
(109458,829233892975,256,256,256)
(109459,5500786746607,256,384,376)
(109460,829204991599,256,384,368)
(109461,4951030940911,256,576,376)
(109462,4683668694255,256,384,352)
(109463,2493235373295,256,1296,460)
(109464,6600297850095,256,864,376)
(109465,829217115983,256,384,320)
(109466,416900714095,256,864,368)
(109467,829204729679,256,1248,448)
(109468,688817480911,256,384,368)
(109469,688816055503,256,832,352)
(109470,1239646585967,256,576,440)
(109471,688547613279,256,512,320)
(109472,2354348856927,256,768,460)
(109473,4570418812511,256,1248,484)
(109474,345011209823,256,576,352)
(109475,623074552159,256,256,256)
(109476,620927076703,256,512,320)
(109477,2341305681519,256,864,440)
(109478,346084951391,256,576,352)
(109479,346052171359,256,576,400)
(109480,1239645597007,256,576,400)
(109481,348196776287,256,256,256)
(109482,692164005231,256,768,400)
(109483,704948243823,256,576,400)
(109484,346049300831,256,256,320)
(109485,344978433631,256,576,400)
(109486,346032785759,256,384,352)
(109487,415011874399,256,256,256)
(109488,827056050415,256,384,320)
(109489,413938263647,256,256,256)
(109490,876511078087,256,576,562)
(109491,846450501191,256,384,586)
(109492,2477130286687,256,1248,464)
(109493,2493235369567,256,384,320)
(109494,2767039534687,256,1728,500)
(109495,6600297846367,256,1872,464)
(109496,211541337183,256,1296,376)
(109497,1237782217839,256,384,352)
(109498,688043625583,256,576,460)
(109499,1650086495343,256,384,376)
(109500,1237832533615,256,864,484)
(109501,1237898808431,256,768,400)
(109502,3299353404527,256,576,376)
(109503,1666991557999,256,768,400)
(109504,4952641539439,256,768,460)
(109505,2354185803359,256,1664,440)
(109506,4678496593119,256,1392,470)
(109507,690427043531,256,1248,448)
(109508,688841334603,256,1248,448)
(109509,689914945355,256,384,424)
(109510,689622749007,256,1712,472)
(109511,1653842447983,256,256,256)
(109512,691770232431,256,1856,448)
(109513,1650617486959,256,576,368)
(109514,691769970511,256,1216,464)
(109515,827087508575,256,864,440)
(109516,688811861327,256,864,368)
(109517,1376826545247,256,384,320)
(109518,1375752807519,256,576,368)
(109519,1376818160735,256,576,368)
(109520,1376876861023,256,768,440)
(109521,1376876864863,256,384,320)
(109522,3300963489375,256,384,368)
(109523,692574072143,256,512,320)
(109524,829476154703,256,864,440)
(109525,418769907023,256,384,368)
(109526,1375803123295,256,768,440)
(109527,3299889751647,256,384,320)
(109528,688012840527,256,384,352)
(109529,1239641410671,256,768,400)
(109530,688036842863,256,384,320)
(109531,692033981807,256,768,400)
(109532,830008845407,256,1248,448)
(109533,1385133348447,256,576,472)
(109534,1385133352287,256,256,256)
(109535,3301762504287,256,576,448)
(109536,1239645598927,256,384,352)
(109537,1384059610719,256,576,472)
(109538,207005901919,256,864,368)
(109539,1237762591855,256,512,320)
(109540,688007040111,256,576,440)
(109541,1650079255663,256,384,368)
(109542,1237763493231,256,768,440)
(109543,1650080157039,256,384,320)
(109544,1177095871135,256,1024,400)
(109545,1655720549595,256,384,352)
(109546,1651987553643,256,2608,440)
(109547,692046044523,256,1248,472)
(109548,1667187643631,256,576,506)
(109549,4957635908831,256,384,368)
(109550,4957099038047,256,576,470)
(109551,689915338091,256,384,400)
(109552,1378964737631,256,576,440)
(109553,829234089311,256,576,400)
(109554,4956935984751,256,768,400)
(109555,2766502663791,256,864,460)
(109556,6599760975471,256,1728,460)
(109557,4983272541535,256,576,440)
(109558,4983272543455,256,576,506)
(109559,13196860624239,256,1296,470)
(109560,1378973125983,256,512,320)
(109561,827086867807,256,1728,440)
(109562,1376825904479,256,576,352)
(109563,2768113276143,256,1392,460)
(109564,1378972995167,256,1392,440)
(109565,1375752162911,256,2048,472)
(109566,825986501215,256,576,400)
(109567,689621291247,256,576,400)
(109568,692575309007,256,576,440)
(109569,692575126623,256,384,368)
(109570,1650890148959,256,384,368)
(109571,825982306927,256,384,352)
(109572,413132841567,256,256,256)
(109573,2491787814111,256,576,484)
(109574,2508818253023,256,576,460)
(109575,6601979495647,256,576,376)
(109576,829232884063,256,384,320)
(109577,621732284767,256,384,400)
(109578,623080745311,256,256,256)
(109579,620933269855,256,512,320)
(109580,623089129823,256,256,352)
(109581,348211226975,256,384,352)
(109582,346063751519,256,384,416)
(109583,827060242671,256,256,256)
(109584,825982312687,256,384,352)
(109585,688012826319,256,512,320)
(109586,414751770975,256,384,320)
(109587,689617160543,256,384,320)
(109588,208880702703,256,384,320)
(109589,211603981535,256,576,460)
(109590,688547547759,256,576,416)
(109591,829247556959,256,1216,416)
(109592,623894433119,256,576,352)
(109593,689621354735,256,384,320)
(109594,350090267999,256,384,400)
(109595,688547553519,256,576,416)
(109596,827056048479,256,576,400)
(109597,207005881951,256,576,352)
(109598,689617097055,256,256,256)
(109599,414739194207,256,384,352)
(109600,688006553951,256,384,352)
(109601,206984892655,256,576,400)
(109602,207001661679,256,256,256)
(109603,207014270191,256,384,352)
(109604,1237762349663,256,512,320)
(109605,206985303279,256,384,320)
(109606,825445441887,256,1216,416)
(109607,206970441967,256,384,320)
(109608,206970427095,256,576,352)
(109609,206970376431,256,576,400)
(109610,206970630383,256,256,256)
(109611,206970820847,256,384,352)
(109612,4708427416799,256,864,506)
(109613,2751471322479,256,4648,460)
(109614,876448231107,256,864,534)
(109615,867858360003,256,576,582)
(109616,842692470467,256,576,574)
(109617,829807633987,256,384,590)
(109618,1651720129903,256,512,320)
(109619,4952641541743,256,576,484)
(109620,1666991560303,256,832,352)
(109621,5500249871983,256,576,460)
(109622,4982735672671,256,576,506)
(109623,13196860626271,256,864,368)
(109624,4956964955375,256,576,440)
(109625,2766531634415,256,384,320)
(109626,2493264340191,256,576,472)
(109627,2493264467167,256,256,256)
(109628,691778620783,256,576,440)
(109629,691795135855,256,1216,416)
(109630,1668602172655,256,576,484)
(109631,5508302021871,256,384,352)
(109632,6603518682351,256,864,484)
(109633,3317868700911,256,576,460)
(109634,2768142241007,256,864,440)
(109635,2768142243039,256,576,472)
(109636,3350093469023,256,864,440)
(109637,3350093532511,256,864,506)
(109638,5506691409519,256,864,484)
(109639,3316258088559,256,768,400)
(109640,1651691228527,256,768,440)
(109641,825995904223,256,576,400)
(109642,827060308191,256,384,320)
(109643,692574342223,256,864,440)
(109644,1650888920143,256,576,368)
(109645,619893310687,256,576,352)
(109646,620966921439,256,576,352)
(109647,692574137551,256,576,400)
(109648,829476220111,256,832,352)
(109649,418769972431,256,384,352)
(109650,6631977174239,256,864,460)
(109651,691834293359,256,576,400)
(109652,1239509224559,256,768,400)
(109653,1245835265263,256,256,256)
(109654,1239443145967,256,384,352)
(109655,1245834742895,256,384,320)
(109656,691834815727,256,576,440)
(109657,620934272223,256,576,400)
(109658,620967302367,256,256,256)
(109659,1651719182559,256,384,320)
(109660,620992074975,256,384,352)
(109661,1247699111023,256,576,440)
(109662,3301230349423,256,576,440)
(109663,1247699633391,256,384,368)
(109664,6599789874543,256,576,400)
(109665,2766531562863,256,384,352)
(109666,2753747324271,256,768,440)
(109667,1658530663791,256,384,320)
(109668,619868919007,256,576,400)
(109669,619901949151,256,384,352)
(109670,827085854943,256,512,320)
(109671,619918464223,256,384,352)
(109672,692570852719,256,384,320)
(109673,692575046895,256,576,400)
(109674,1240183377135,256,256,256)
(109675,689621356767,256,384,320)
(109676,415012005103,256,384,320)
(109677,3301229890799,256,576,400)
(109678,1658404900079,256,384,352)
(109679,688547619039,256,512,320)
(109680,1246088045791,256,384,320)
(109681,2272713155807,256,384,320)
(109682,352862913759,256,768,400)
(109683,1246096428271,256,256,256)
(109684,2339182382319,256,384,320)
(109685,414751836383,256,256,256)
(109686,692037260511,256,256,256)
(109687,207511267999,256,256,256)
(109688,413669691039,256,256,256)
(109689,215965025503,256,864,484)
(109690,1650149393647,256,576,484)
(109691,3299365981295,256,384,352)
(109692,1650215472239,256,576,460)
(109693,2770260299119,256,864,484)
(109694,1675043638639,256,576,400)
(109695,2474845193439,256,768,440)
(109696,6598686983391,256,576,368)
(109697,621772129503,256,864,440)
(109698,1239645533519,256,864,440)
(109699,624993342687,256,384,320)
(109700,623927989471,256,864,440)
(109701,621797283039,256,576,440)
(109702,692038176111,256,576,400)
(109703,1239646508383,256,384,320)
(109704,350123824351,256,576,440)
(109705,1658400705903,256,384,320)
(109706,700086127983,256,576,440)
(109707,688042192079,256,768,400)
(109708,688042200159,256,576,352)
(109709,1650085506255,256,384,352)
(109710,1237775944943,256,384,320)
(109711,688069938415,256,576,400)
(109712,1237825490159,256,256,256)
(109713,3301225696495,256,576,400)
(109714,1247694458095,256,384,352)
(109715,692095915231,256,256,256)
(109716,623378535647,256,512,320)
(109717,207006868703,256,576,440)
(109718,3299346877679,256,384,320)
(109719,1650080222447,256,576,440)
(109720,1658400642271,256,768,400)
(109721,3301225632991,256,384,352)
(109722,628281675471,256,576,400)
(109723,628282133727,256,1392,440)
(109724,1658942751967,256,1248,440)
(109725,1658942229599,256,576,440)
(109726,5540518595807,256,864,484)
(109727,3350085274847,256,864,460)
(109728,3301093510383,256,576,400)
(109729,3316008455407,256,384,320)
(109730,1658268519663,256,576,440)
(109731,1385137736927,256,768,400)
(109732,830021864671,256,576,400)
(109733,3301766892767,256,576,400)
(109734,692033983855,256,576,400)
(109735,827060244703,256,576,400)
(109736,413933938299,256,384,352)
(109737,3317872823535,256,576,440)
(109738,1384072383711,256,576,400)
(109739,827891158239,256,384,352)
(109740,1658400642415,256,768,400)
(109741,825986506975,256,576,400)
(109742,825994889439,256,384,320)
(109743,842153888991,256,384,320)
(109744,829336620255,256,576,400)
(109745,4675379170527,256,384,352)
(109746,696095247583,256,384,320)
(109747,689617162463,256,384,320)
(109748,1658404900063,256,384,320)
(109749,414751772895,256,384,320)
(109750,688042185951,256,384,320)
(109751,206974397215,256,256,320)
(109752,1650085500127,256,384,320)
(109753,413669625631,256,384,320)
(109754,346052168927,256,256,256)
(109755,345227201759,256,256,256)
(109756,692033066207,256,256,256)
(109757,344960863455,256,256,256)
(109758,206974425695,256,256,256)
(109759,206970197431,256,256,256)
(109760,1675043704031,256,576,440)
(109761,619323722975,256,576,400)
(109762,1675047832799,256,576,400)
(109763,1650148412639,256,576,400)
(109764,827056050399,256,576,400)
(109765,206989563103,256,576,400)
(109766,206970204959,256,384,352)
(109767,829268528351,256,384,320)
(109768,207001883871,256,384,320)
(109769,825996971231,256,512,320)
(109770,1650079209695,256,384,320)
(109771,206970198815,256,384,320)
(109772,837525015775,256,576,400)
(109773,206970441951,256,576,400)
(109774,827861339359,256,384,352)
(109775,414744874331,256,384,368)
(109776,206999596395,256,384,352)
(109777,207033148907,256,512,320)
(109778,215029550827,256,384,352)
(109779,1169042807163,256,512,320)
(109780,429771771243,256,384,352)
(109781,421194405339,256,384,320)
(109782,421186021071,256,256,256)
(109783,421187323131,256,384,320)
(109784,413191673691,256,384,352)
(109785,2268560803067,256,512,320)
(109786,416886723835,256,512,320)
(109787,413128627835,256,384,320)
(109788,206999590139,256,512,320)
(109789,207033157231,256,256,256)
(109790,688006546811,256,256,256)
(109791,414739187067,256,384,320)
(109792,689617093999,256,384,320)
(109793,825445434747,256,256,256)
(109794,206970591855,256,256,256)
(109795,421194403663,256,256,256)
(109796,413694991963,256,384,320)
(109797,413728542555,256,384,352)
(109798,413191546715,256,384,352)
(109799,414751769839,256,256,256)
(109800,414743381243,256,384,320)
(109801,827056047343,256,256,256)
(109802,413665431151,256,256,256)
(109803,413128560239,256,256,256)
(109804,258003211870,256,384,444)
(109805,416892363871,256,256,256)
(109806,421194417503,256,256,256)
(109807,413728556639,256,256,256)
(109808,421186028795,256,384,320)
(109809,1169049183327,256,256,256)
(109810,416886724191,256,256,256)
(109811,414751769951,256,256,256)
(109812,689617159519,256,256,256)
(109813,827056047455,256,384,320)
(109814,1169042904671,256,256,256)
(109815,413133751931,256,384,320)
(109816,414751835359,256,256,256)
(109817,825994888415,256,384,320)
(109818,413669625439,256,256,256)
(109819,413665431135,256,256,256)
(109820,413678214859,256,384,320)
(109821,413132959563,256,384,368)
(109822,414751755755,256,512,320)
(109823,689617081835,256,384,352)
(109824,827056033259,256,256,256)
(109825,413134013675,256,384,376)
(109826,688549039451,256,256,256)
(109827,688011724139,256,384,376)
(109828,206976503403,256,384,368)
(109829,207001660779,256,384,368)
(109830,207035213291,256,576,368)
(109831,1245815346555,256,384,352)
(109832,206970695019,256,256,256)
(109833,206971217387,256,384,320)
(109834,3299346584955,256,384,320)
(109835,696064249195,256,384,368)
(109836,691769808219,256,256,256)
(109837,1650084386027,256,384,376)
(109838,691765613931,256,384,368)
(109839,1650080191851,256,384,320)
(109840,2337278168811,256,256,256)
(109841,413128627947,256,384,352)
(109842,207039401707,256,384,368)
(109843,206970230507,256,384,352)
(109844,688006469099,256,384,352)
(109845,206970139115,256,256,256)
(109846,688547810635,256,384,320)
(109847,1239385546075,256,384,352)
(109848,688548777419,256,384,352)
(109849,696064771563,256,384,352)
(109850,691769023819,256,384,320)
(109851,688011195723,256,576,376)
(109852,688011386187,256,864,376)
(109853,704654122331,256,256,256)
(109854,704653664075,256,576,368)
(109855,1650083601739,256,384,376)
(109856,1239385545963,256,256,256)
(109857,1239377098319,256,384,368)
(109858,1237766556795,256,512,320)
(109859,1169107881339,256,256,256)
(109860,688069447147,256,384,352)
(109861,207005863035,256,576,368)
(109862,1169043885435,256,576,352)
(109863,207033339371,256,256,256)
(109864,207047790059,256,384,368)
(109865,704650450411,256,384,352)
(109866,696059860427,256,1280,368)
(109867,1650620472523,256,384,352)
(109868,696189556203,256,384,352)
(109869,696189621723,256,256,256)
(109870,1650142186859,256,384,320)
(109871,1650679057755,256,384,368)
(109872,2341036264699,256,256,256)
(109873,688547597787,256,256,256)
(109874,215058910459,256,384,352)
(109875,3299350842619,256,384,320)
(109876,688547532267,256,384,352)
(109877,206974391995,256,256,256)
(109878,207001654523,256,256,256)
(109879,413669625083,256,384,320)
(109880,206970212603,256,384,352)
(109881,413665430779,256,384,320)
(109882,688204060239,256,384,380)
(109883,688007980367,256,384,376)
(109884,1170045453407,256,256,256)
(109885,361517598303,256,384,376)
(109886,1375365801055,256,384,380)
(109887,2337273988719,256,864,368)
(109888,207002576239,256,512,320)
(109889,207000511855,256,576,352)
(109890,206971225711,256,384,352)
(109891,206971610479,256,576,352)
(109892,1237762303087,256,1280,368)
(109893,1170922980447,256,256,256)
(109894,361321514591,256,1280,368)
(109895,1375202747487,256,384,376)
(109896,833696072927,256,384,320)
(109897,2476521063647,256,384,376)
(109898,414751756111,256,256,256)
(109899,689621274447,256,384,352)
(109900,619287071099,256,384,352)
(109901,620897618287,256,512,320)
(109902,827056033615,256,384,320)
(109903,206970216827,256,384,320)
(109904,619287007611,256,256,256)
(109905,619287011695,256,512,320)
(109906,206970623599,256,576,352)
(109907,691764563311,256,384,320)
(109908,206970147439,256,384,320)
(109909,1650079141231,256,384,320)
(109910,1237762281071,256,832,352)
(109911,413678227023,256,256,256)
(109912,413678226779,256,832,352)
(109913,1239377157723,256,384,320)
(109914,413665646171,256,384,368)
(109915,1239385552079,256,256,256)
(109916,1239377092203,256,384,368)
(109917,2337303334511,256,256,256)
(109918,1237825261167,256,576,352)
(109919,207000571503,256,384,320)
(109920,207033601647,256,384,320)
(109921,3299346648687,256,576,368)
(109922,1170921870431,256,256,256)
(109923,352730596959,256,832,352)
(109924,1375201256543,256,384,368)
(109925,1239385486671,256,384,320)
(109926,1239385480555,256,384,352)
(109927,704679808367,256,384,320)
(109928,691827742031,256,384,320)
(109929,1239386461535,256,384,320)
(109930,1650210147695,256,384,320)
(109931,1650209238351,256,384,368)
(109932,1239373878651,256,384,352)
(109933,3300969780575,256,384,320)
(109934,688019117531,256,256,256)
(109935,414751757787,256,512,320)
(109936,1177103402207,256,256,256)
(109937,623111210207,256,384,352)
(109938,346032294127,256,256,256)
(109939,833499989215,256,384,320)
(109940,2476324979935,256,384,368)
(109941,827056035291,256,576,352)
(109942,620897620207,256,384,320)
(109943,619823878395,256,384,352)
(109944,620897602991,256,256,256)
(109945,346019696303,256,256,320)
(109946,344945954479,256,384,320)
(109947,621702909167,256,256,256)
(109948,344409083695,256,256,256)
(109949,344409083567,256,384,320)
(109950,206970130223,256,256,256)
(109951,688006466799,256,512,320)
(109952,455671596267,256,384,382)
(109953,688549045455,256,384,368)
(109954,691769820271,256,384,320)
(109955,691769812303,256,384,352)
(109956,1186025751647,256,384,320)
(109957,1203265119583,256,384,368)
(109958,1186100991071,256,384,352)
(109959,414752228591,256,256,256)
(109960,1239385560159,256,384,352)
(109961,1239378073183,256,384,320)
(109962,3299510232159,256,576,380)
(109963,3299385574495,256,864,380)
(109964,688011920719,256,1296,376)
(109965,696065230175,256,256,256)
(109966,696064445775,256,384,368)
(109967,1650084580687,256,384,376)
(109968,696064771919,256,576,352)
(109969,696064001359,256,384,320)
(109970,1650083615823,256,576,376)
(109971,1185954325599,256,512,320)
(109972,1185955226975,256,832,352)
(109973,3299347178591,256,576,376)
(109974,1239385558127,256,384,320)
(109975,1239377106043,256,576,368)
(109976,1239378071151,256,384,352)
(109977,1239378072827,256,256,256)
(109978,3299896039007,256,384,368)
(109979,688010743375,256,384,352)
(109980,696059610351,256,384,320)
(109981,1237774945391,256,512,320)
(109982,623046102383,256,256,256)
(109983,688036810095,256,384,320)
(109984,207005869151,256,864,368)
(109985,2268554740975,256,256,256)
(109986,206983285871,256,384,352)
(109987,1650079222895,256,384,368)
(109988,207000702319,256,384,352)
(109989,1650080124271,256,384,320)
(109990,1177364305503,256,512,320)
(109991,3299346585183,256,576,368)
(109992,696061035887,256,384,320)
(109993,691765810511,256,1280,368)
(109994,1650621451471,256,384,368)
(109995,2491519378655,256,384,352)
(109996,2491452523743,256,384,368)
(109997,6598498485471,256,864,376)
(109998,414768993531,256,384,320)
(109999,414768993887,256,256,256)
