(49000,2783695410407,256,3506,746)
(49001,2766550508775,256,384,560)
(49002,6599538448615,256,3032,692)
(49003,2783812327143,256,3688,780)
(49004,2766584055527,256,1872,780)
(49005,6599638850279,256,3520,756)
(49006,2751667046119,256,3248,740)
(49007,2783812200167,256,1280,576)
(49008,2783695800039,256,4380,858)
(49009,6599563610855,256,2600,780)
(49010,436019955065,464,2400,982)
(49011,466017633657,448,1632,864)
(49012,440380999033,480,2820,1010)
(49013,2753621645929,448,4392,824)
(49014,2754154322537,448,1824,716)
(49015,440281367929,384,768,600)
(49016,3301229976169,448,2088,736)
(49017,3301762652777,448,640,528)
(49018,692632935017,448,2304,862)
(49019,1240241265257,448,1296,716)
(49020,1257018265390,448,1600,774)
(49021,1658404985449,448,1680,592)
(49022,1658937662057,448,768,528)
(49023,3336252463703,448,960,892)
(49024,1650947512937,448,2208,688)
(49025,2341850045033,448,1024,608)
(49026,1246633384553,448,864,624)
(49027,3319089113431,448,960,828)
(49028,3300164622953,448,1152,608)
(49029,1248379045294,256,576,472)
(49030,3336252336727,256,864,734)
(49031,1256984718638,256,2276,922)
(49032,3318964324951,256,2712,1050)
(49033,3301229982285,256,864,576)
(49034,3301762658893,256,512,480)
(49035,1240241271373,256,1512,726)
(49036,1658404991565,256,864,552)
(49037,1658937668173,256,384,384)
(49038,1650947519053,256,384,432)
(49039,346173819535,448,768,584)
(49040,2270318631567,448,960,660)
(49041,413679563407,448,512,528)
(49042,416892138127,384,576,584)
(49043,1185771891343,384,864,730)
(49044,621051726223,256,576,472)
(49045,1170740546191,256,864,652)
(49046,1177249065615,256,1296,742)
(49047,2270319152015,256,1320,688)
(49048,4475783818127,256,2004,878)
(49049,2285375658671,256,2576,690)
(49050,1170987697271,256,576,488)
(49051,1239438738551,256,1872,700)
(49052,1173135172727,256,1152,648)
(49053,1246097704847,256,1672,616)
(49054,1177380325263,256,3738,812)
(49055,1185889200815,256,1836,846)
(49056,1173133593263,256,2224,648)
(49057,2285350505135,256,1728,726)
(49058,1185897585327,256,2136,822)
(49059,2339719338601,448,576,528)
(49060,696894347881,448,864,648)
(49061,3318552242535,448,2720,908)
(49062,2750425586281,448,2448,704)
(49063,3318964330711,256,4378,954)
(49064,2339719344717,256,1008,612)
(49065,1246633390669,256,672,504)
(49066,3300164629069,256,256,384)
(49067,829290776783,448,1152,608)
(49068,1658401473655,256,2528,608)
(49069,1658401982351,256,1704,616)
(49070,1376899107023,448,960,660)
(49071,1650703272143,448,960,692)
(49072,344429507215,448,768,608)
(49073,1237767762703,384,576,616)
(49074,1652112266455,256,864,596)
(49075,207906042399,256,928,552)
(49076,2753618134135,256,1248,652)
(49077,3301226464375,256,256,352)
(49078,3303373939831,256,1248,696)
(49079,3301226973071,256,2868,748)
(49080,2753618642831,256,1344,560)
(49081,3303106022063,256,2600,664)
(49082,417733068315,256,1120,806)
(49083,2480379517467,256,512,544)
(49084,3301792012827,256,864,676)
(49085,3309278847403,256,384,432)
(49086,1385162856987,256,4632,784)
(49087,2484674486683,256,864,652)
(49088,3303922719259,256,512,560)
(49089,2480379521307,256,1824,752)
(49090,3301792016667,256,864,628)
(49091,3309278841643,256,768,512)
(49092,1385162860827,256,1680,496)
(49093,2484674482843,256,1248,604)
(49094,3308217684635,256,384,400)
(49095,1658553930967,384,1872,690)
(49096,2753770591447,384,768,584)
(49097,3301378921687,384,672,572)
(49098,1667076756695,256,1680,706)
(49099,2753770464471,256,256,448)
(49100,3301378794711,256,576,604)
(49101,1667143611607,256,2004,834)
(49102,2753703609559,256,1904,624)
(49103,3301311939799,256,960,688)
(49104,1658335856879,256,1956,808)
(49105,2753820919031,256,1392,632)
(49106,3301429249271,256,960,656)
(49107,1667202323703,256,2136,776)
(49108,2753829176567,256,864,568)
(49109,3301437506807,256,864,628)
(49110,434421925241,448,2356,934)
(49111,464419603833,448,1664,822)
(49112,438782969209,448,2544,950)
(49113,438683338105,256,576,540)
(49114,3319089113319,384,864,758)
(49115,830049928347,256,1344,772)
(49116,432291218809,384,1296,786)
(49117,449504658809,448,1248,830)
(49118,432390849913,448,1584,914)
(49119,419506980217,256,1216,700)
(49120,831107155087,256,1680,672)
(49121,831123670159,256,1248,700)
(49122,1257555136174,256,384,604)
(49123,3317478500967,256,576,864)
(49124,3303973038457,256,3912,672)
(49125,3308234451321,256,3216,704)
(49126,3311430510969,256,1152,740)
(49127,4954292000399,256,960,508)
(49128,4958586062479,256,576,682)
(49129,426435970297,448,2152,874)
(49130,456367047929,256,864,594)
(49131,439253239033,448,2736,834)
(49132,439220208889,256,992,652)
(49133,472472651257,256,960,608)
(49134,1247305303726,256,384,516)
(49135,3336252271207,256,576,804)
(49136,1255910977070,256,1152,882)
(49137,3318960130663,256,576,978)
(49138,3318427459927,256,576,866)
(49139,3303973040377,256,6196,804)
(49140,3308234453241,256,1520,512)
(49141,3311430512889,256,960,708)
(49142,4954292012207,256,1392,688)
(49143,2768153134255,256,864,754)
(49144,1257521589422,256,576,632)
(49145,3317353718359,256,384,880)
(49146,4953218258587,256,1248,640)
(49147,4953251809179,256,1296,656)
(49148,846155781787,256,2272,706)
(49149,4679414093467,256,576,440)
(49150,2341841660521,256,2976,648)
(49151,1246625000041,256,4156,776)
(49152,2479276419689,256,1808,696)
(49153,846189332379,256,2424,820)
(49154,3300156238441,256,1824,624)
(49155,4679447644059,256,2152,628)
(49156,1376069610089,256,4152,780)
(49157,3336152844407,256,2232,810)
(49158,3318989490295,256,2000,842)
(49159,3310499694711,256,864,692)
(49160,3306205251703,256,2328,856)
(49161,2475547683433,256,2416,672)
(49162,3336186396919,256,2760,858)
(49163,3310500217079,256,2328,796)
(49164,4678340355739,256,1392,640)
(49165,2495422310043,256,4188,716)
(49166,4685855631003,256,1248,472)
(49167,6602484786843,256,1872,640)
(49168,4682634544795,256,1440,762)
(49169,3303914334329,256,3256,664)
(49170,2479305779321,256,3072,712)
(49171,4685889308571,256,3072,848)
(49172,2495455987611,256,2016,734)
(49173,6602518464411,256,1824,656)
(49174,1379827705977,256,768,758)
(49175,4958644766607,256,2736,746)
(49176,4954275235215,256,1968,756)
(49177,2770283578767,256,864,792)
(49178,4960716899727,256,576,400)
(49179,6603541890447,256,864,756)
(49180,2768136357263,256,2088,822)
(49181,1257521597502,256,1152,772)
(49182,1244637727806,256,1312,764)
(49183,1257454996542,256,2168,844)
(49184,2345488462763,256,1944,712)
(49185,3334542237815,256,960,684)
(49186,4954325550991,256,864,576)
(49187,3317378883703,256,2992,828)
(49188,3308905603191,256,1824,696)
(49189,3304594645111,256,2640,816)
(49190,4960767215503,256,576,544)
(49191,2770333894543,256,2160,720)
(49192,3307531776939,256,576,488)
(49193,6603592206223,256,1440,576)
(49194,1246010389419,256,1296,592)
(49195,3299541627819,256,960,616)
(49196,3334575784567,256,1296,896)
(49197,3308889604727,256,1440,864)
(49198,2341227049899,256,3168,736)
(49199,4958619993999,256,3552,750)
(49200,3307561136382,256,2088,744)
(49201,3303299723518,256,2192,724)
(49202,829351340431,384,864,690)
(49203,833647880527,256,2448,790)
(49204,833645783439,256,1296,730)
(49205,833646300047,256,1440,688)
(49206,1377277618519,384,512,416)
(49207,1651081783639,384,768,620)
(49208,1658547672407,256,768,610)
(49209,3301104228751,256,384,400)
(49210,827205962063,256,1088,604)
(49211,1377228069463,256,1152,688)
(49212,1651032234583,256,384,512)
(49213,1652105976151,256,1152,648)
(49214,1684184275287,256,2208,800)
(49215,1667070335575,256,576,580)
(49216,3301372536151,256,960,656)
(49217,827203864975,256,864,516)
(49218,1377230165591,256,576,628)
(49219,1377229648983,256,1152,608)
(49220,1651034330711,256,576,472)
(49221,1651033814103,256,1008,628)
(49222,1652108072279,256,576,568)
(49223,1684184307031,256,2208,752)
(49224,1667072431703,256,576,540)
(49225,3301104101775,256,576,608)
(49226,1684300707159,256,2208,728)
(49227,1658449204311,256,2040,680)
(49228,3301037246863,256,576,608)
(49229,1652054988887,256,2008,632)
(49230,1684233689687,256,640,576)
(49231,1684183373911,256,2160,810)
(49232,3301028858511,256,768,672)
(49233,1658548454775,256,3864,734)
(49234,1658547934327,256,2400,790)
(49235,3301154556335,256,2288,656)
(49236,4538111248623,256,1248,472)
(49237,4472340295919,256,1296,610)
(49238,4538107056367,256,1472,560)
(49239,4471803490655,256,1836,770)
(49240,2749794685167,256,576,508)
(49241,2749790556399,256,960,656)
(49242,1684234082423,256,1440,624)
(49243,1667137329271,256,3648,738)
(49244,3301272913015,256,2280,576)
(49245,1684301485687,256,1440,580)
(49246,1684184568951,256,5668,816)
(49247,3301120878767,256,576,672)
(49248,1684300715127,256,4576,632)
(49249,1684234114167,256,1152,616)
(49250,3301004478639,256,960,508)
(49251,426422871161,480,4276,926)
(49252,452059251833,384,864,664)
(49253,426322986105,448,1408,906)
(49254,426422617209,256,1296,692)
(49255,472460068729,256,1120,620)
(49256,1248428459694,256,384,572)
(49257,3335715465831,256,576,876)
(49258,1256984714798,256,1152,878)
(49259,3318427454055,256,576,932)
(49260,3318960136535,256,576,884)
(49261,3303973034617,256,6106,844)
(49262,3308234447481,256,1568,576)
(49263,3311430507129,256,2832,772)
(49264,2341841662553,256,4224,764)
(49265,1246625002073,256,2920,608)
(49266,1384059761241,256,1184,512)
(49267,3300156240473,256,1472,608)
(49268,1376069612121,256,4008,752)
(49269,2475547685465,256,1680,512)
(49270,3303914322521,256,4644,776)
(49271,1384089107033,256,2000,536)
(49272,1379827694169,256,768,734)
(49273,2346132424568,256,4504,824)
(49274,415020343112,256,1904,680)
(49275,2483571377912,256,4560,756)
(49276,1247205164094,256,2408,782)
(49277,1243010352190,256,1184,608)
(49278,1247304795198,256,1552,770)
(49279,1241715438127,256,5076,724)
(49280,3335615848567,256,2592,764)
(49281,4954350716335,256,2136,670)
(49282,3318976913527,256,1632,740)
(49283,3309954441335,256,640,506)
(49284,3306192674935,256,1824,782)
(49285,3303236825647,256,384,352)
(49286,1246010401583,256,5708,692)
(49287,3299508089391,256,640,440)
(49288,3318477783671,256,1440,872)
(49289,3310487634551,256,960,782)
(49290,1245976850991,256,2232,700)
(49291,4958645159343,256,2704,774)
(49292,3307561130622,256,5100,768)
(49293,3303299717758,256,2000,636)
(49294,842443048151,256,2976,790)
(49295,842175417039,256,2952,722)
(49296,827478557911,256,1120,572)
(49297,2476745467095,256,1152,724)
(49298,2476745983703,256,1152,604)
(49299,2750549632215,256,576,568)
(49300,2750550148823,256,1488,652)
(49301,2751623369943,256,1152,664)
(49302,2766554830039,256,2256,832)
(49303,2766554703063,256,576,620)
(49304,6599813141719,256,1320,688)
(49305,2766655231703,256,2172,802)
(49306,2766588249815,256,1944,710)
(49307,6599913543383,256,1152,604)
(49308,2766680397047,256,3506,754)
(49309,2766613415159,256,1584,710)
(49310,6599938708727,256,2392,628)
(49311,2766672012535,256,1320,620)
(49312,2766605157623,256,4736,816)
(49313,6599595067631,256,3040,672)
(49314,2766655243511,256,1728,682)
(49315,2766588642551,256,1488,560)
(49316,6599913555191,256,864,508)
(49317,1170922191075,256,576,448)
(49318,4467592441763,384,896,480)
(49319,4467584053161,256,384,528)
(49320,704673002835,384,512,416)
(49321,2270171696867,384,960,560)
(49322,2269106343651,384,640,480)
(49323,627355094499,256,992,528)
(49324,833498844899,384,512,416)
(49325,1169050349805,256,384,352)
(49326,1237763273587,256,1296,504)
(49327,691839206771,352,640,576)
(49328,691918638451,384,576,464)
(49329,4467584186253,384,512,416)
(49330,2269360334509,256,640,496)
(49331,4467584198061,384,512,416)
(49332,4468383082157,256,256,464)
(49333,4468383463085,256,576,464)
(49334,704673000803,384,640,480)
(49335,2269106311053,384,1440,560)
(49336,627346673549,384,512,416)
(49337,413132962643,384,1344,560)
(49338,2269106572973,256,1440,620)
(49339,627346935469,256,544,496)
(49340,2269106703789,384,1008,568)
(49341,627347066285,384,512,416)
(49342,2269098315437,256,512,464)
(49343,2270970679181,384,640,480)
(49344,2270970941101,256,544,496)
(49345,2270971071917,384,448,416)
(49346,1169848121005,256,576,464)
(49347,696208889203,384,384,464)
(49348,4467584200941,384,704,416)
(49349,4468383986413,256,1120,432)
(49350,2269106801901,384,1008,568)
(49351,627347164397,384,448,416)
(49352,344415588147,384,640,568)
(49353,413666421619,256,2016,504)
(49354,2270971170029,384,384,416)
(49355,696059539955,256,1120,432)
(49356,704673517411,256,576,448)
(49357,696083842531,256,992,528)
(49358,696213081459,256,384,432)
(49359,704723076467,256,1632,560)
(49360,704723847027,256,960,464)
(49361,1658145412507,256,576,432)
(49362,704736429555,256,672,432)
(49363,361066962829,256,1440,496)
(49364,635936481165,256,384,352)
(49365,413669833427,256,1776,496)
(49366,361066835853,256,576,544)
(49367,635936354189,256,832,432)
(49368,361058578317,256,832,432)
(49369,361066974637,256,1152,488)
(49370,635936492973,256,256,352)
(49371,344952458931,256,1152,488)
(49372,413670615795,256,2208,504)
(49373,361066843821,256,576,560)
(49374,361067224749,256,864,580)
(49375,635936362157,256,704,464)
(49376,635936743085,256,384,464)
(49377,361058586285,256,704,464)
(49378,345009101555,256,704,464)
(49379,361067228589,256,864,560)
(49380,635936746925,256,384,432)
(49381,344975548083,256,384,432)
(49382,361058840237,256,1152,528)
(49383,842088619917,256,1088,448)
(49384,842088492941,256,1696,528)
(49385,842088631725,256,384,352)
(49386,842088500909,256,512,464)
(49387,842088881837,256,384,464)
(49388,842088885677,256,384,432)
(49389,361070964621,256,1696,528)
(49390,4468133449389,256,512,464)
(49391,344472296179,256,768,464)
(49392,344438742707,256,384,432)
(49393,352477026803,256,768,528)
(49394,1169058738407,256,576,432)
(49395,691851789655,448,640,528)
(49396,4467592574855,256,1088,544)
(49397,4467592455847,384,512,480)
(49398,4467592586663,256,1312,576)
(49399,2268569708199,256,384,576)
(49400,4467592836775,256,864,520)
(49401,627355062151,256,1312,544)
(49402,627347066535,384,512,480)
(49403,2269106704039,384,768,480)
(49404,627355454887,256,1680,576)
(49405,627355324071,256,1216,576)
(49406,2270971072167,384,512,416)
(49407,2338884528039,256,864,520)
(49408,4467592589543,256,768,544)
(49409,4467593360103,256,1664,512)
(49410,627355552999,256,992,544)
(49411,696083842887,256,1312,544)
(49412,704735659351,256,1408,544)
(49413,704736429911,256,880,496)
(49414,635936485255,256,960,496)
(49415,361066966919,256,1280,512)
(49416,635944742791,256,1280,512)
(49417,635936493223,256,384,496)
(49418,635936747175,256,1152,560)
(49419,361066974887,256,1088,512)
(49420,361067228839,256,1152,544)
(49421,635944750759,256,1088,512)
(49422,207033348951,256,1600,544)
(49423,635945135527,256,2640,560)
(49424,842088624007,256,1408,544)
(49425,842088631975,256,512,448)
(49426,842088885927,256,576,496)
(49427,4469207183239,256,1408,544)
(49428,4469207191207,256,512,448)
(49429,207570154327,256,576,496)
(49430,691847595367,448,1152,608)
(49431,2270434301527,384,512,416)
(49432,2270434305367,256,576,448)
(49433,1170922681431,256,1088,496)
(49434,2270435083895,256,960,464)
(49435,2270435214711,256,1216,448)
(49436,623052727511,384,768,480)
(49437,1169595704535,384,512,416)
(49438,413132976727,384,512,480)
(49439,623061112023,256,768,448)
(49440,413133759095,256,576,416)
(49441,1239373886351,256,896,464)
(49442,413158912923,256,2124,620)
(49443,1241521369719,256,1296,504)
(49444,829204866263,384,768,480)
(49445,1375202227099,256,864,464)
(49446,691851789543,384,576,552)
(49447,696100103271,256,576,648)
(49448,1658145412751,256,384,352)
(49449,704735659239,256,1488,608)
(49450,704736429799,256,960,512)
(49451,1658145424559,256,576,496)
(49452,1658137024155,256,384,352)
(49453,833528469147,256,1248,536)
(49454,1650680072091,256,1024,464)
(49455,833528989595,256,2424,620)
(49456,1383267505819,256,832,448)
(49457,1383268026267,256,864,464)
(49458,1383259121307,256,832,448)
(49459,1651753043343,256,576,544)
(49460,1658145933199,256,576,400)
(49461,4469194679959,256,512,384)
(49462,361066849943,256,256,320)
(49463,413669845591,256,512,384)
(49464,2270172063127,256,864,504)
(49465,2269106709911,256,640,464)
(49466,4469203068311,256,864,464)
(49467,2270171932311,256,384,488)
(49468,4469195060887,256,1152,496)
(49469,352477423255,256,832,432)
(49470,361067230871,256,576,432)
(49471,2270180316823,256,832,432)
(49472,345009105751,256,768,432)
(49473,4469203449239,256,960,480)
(49474,352474962775,256,960,480)
(49475,4469195072695,256,1408,520)
(49476,691769744283,256,1344,520)
(49477,361067242679,256,1248,464)
(49478,414740781647,256,256,352)
(49479,414740011087,256,768,464)
(49480,1239378074523,256,896,464)
(49481,416900225947,256,2448,580)
(49482,345009113719,256,832,464)
(49483,1239386463119,256,384,400)
(49484,691778132879,256,2520,540)
(49485,4469203457207,256,1968,480)
(49486,416917002877,256,576,352)
(49487,1241525557885,256,864,520)
(49488,842088507031,256,576,432)
(49489,842088637847,256,1424,576)
(49490,833499080343,256,384,544)
(49491,842088887959,256,1152,512)
(49492,842088899767,256,1120,464)
(49493,826045795997,256,1424,576)
(49494,621766413975,256,1888,544)
(49495,207570217815,256,768,512)
(49496,215036074839,256,1440,560)
(49497,1650084322203,256,768,464)
(49498,829204503451,256,2352,620)
(49499,1375214803867,256,768,464)
(49500,344472308343,256,512,464)
(49501,1650092710799,256,768,400)
(49502,1378960317053,256,576,472)
(49503,704731465063,256,3304,656)
(49504,704732235623,256,1120,520)
(49505,1658146325935,256,1984,472)
(49506,627347170519,256,1056,552)
(49507,627347687127,256,1712,512)
(49508,2269106808023,256,640,496)
(49509,2269107324631,256,832,448)
(49510,627355555031,256,880,496)
(49511,345009107671,256,832,448)
(49512,627348079863,256,1792,512)
(49513,2269107717367,256,1088,448)
(49514,344975560247,256,1056,448)
(49515,627356337399,256,1600,480)
(49516,691794915575,256,384,352)
(49517,1241533952247,256,1088,416)
(49518,215042279799,256,1024,480)
(49519,833499309271,256,1568,576)
(49520,833499825879,256,1968,520)
(49521,833500218615,256,1088,448)
(49522,827119766743,256,1568,576)
(49523,207570219735,256,864,520)
(49524,344438754871,256,512,448)
(49525,1653838229751,256,1248,472)
(49526,352477038967,256,1024,480)
(49527,827186138775,256,576,464)
(49528,345009171159,256,2048,472)
(49529,826112777885,256,864,520)
(49530,352475028183,256,1024,520)
(49531,827186531511,256,768,400)
(49532,829233862909,256,384,352)
(49533,1653842417917,256,2376,520)
(49534,1378972899581,256,1648,472)
(49535,352481233143,256,384,400)
(49536,4536297371555,256,928,552)
(49537,623313860835,256,384,416)
(49538,1650079480035,256,384,520)
(49539,688006477731,256,576,448)
(49540,414762776131,448,3816,776)
(49541,688567135555,448,2080,672)
(49542,414762395203,256,1440,584)
(49543,688567652163,448,1984,704)
(49544,688567657923,256,1296,584)
(49545,619419185059,384,2304,640)
(49546,344541278121,256,576,644)
(49547,4948614098851,384,960,552)
(49548,4673736191913,256,384,432)
(49549,689640682819,256,3064,736)
(49550,689641395651,256,2840,744)
(49551,1239396308051,384,1440,680)
(49552,1650102809683,384,1008,636)
(49553,619889233635,384,832,480)
(49554,620962975203,256,672,488)
(49555,2476323835619,384,960,640)
(49556,2750128000739,384,768,584)
(49557,2751201742307,256,1152,616)
(49558,688543348453,384,1536,560)
(49559,620092307173,384,896,480)
(49560,621166048741,256,992,528)
(49561,825445431013,384,512,416)
(49562,207035737901,256,1296,520)
(49563,206977935149,256,384,432)
(49564,207102338861,256,768,488)
(49565,207102719789,256,576,552)
(49566,348436869357,256,384,400)
(49567,1169043829619,256,864,432)
(49568,1375202488557,256,384,464)
(49569,206971614067,256,384,400)
(49570,688006492531,256,384,352)
(49571,2337273918317,256,576,432)
(49572,414814078579,352,1728,752)
(49573,688584442995,352,1256,616)
(49574,1239447537011,352,2664,828)
(49575,1650757510387,352,1368,748)
(49576,1239526968691,384,1872,714)
(49577,1650765894899,384,576,612)
(49578,344541411213,384,2112,640)
(49579,344425273005,352,1248,708)
(49580,619294791341,352,544,576)
(49581,344474691245,256,2160,724)
(49582,344425276845,384,1272,636)
(49583,620093810093,384,512,464)
(49584,344541423021,384,2352,644)
(49585,345215903405,256,512,560)
(49586,344541292205,256,576,620)
(49587,344541673133,256,768,628)
(49588,4673736325005,384,672,584)
(49589,825446930093,352,576,576)
(49590,2474713458349,256,1288,648)
(49591,825446933933,384,448,464)
(49592,4673736336813,384,672,552)
(49593,4673736205997,256,384,464)
(49594,4673736586925,256,1056,632)
(49595,1239396242531,384,1440,680)
(49596,1650639615059,384,1152,620)
(49597,1666745283795,384,768,552)
(49598,1666745218387,384,672,584)
(49599,3300980591955,384,960,680)
(49600,1666795611379,256,816,648)
(49601,3301097901427,256,1440,776)
(49602,619889201037,384,640,480)
(49603,207511436115,384,512,416)
(49604,413669649011,256,512,464)
(49605,619889462957,256,832,552)
(49606,619889593773,384,640,480)
(49607,345011687085,256,384,504)
(49608,691793934707,256,256,320)
(49609,1241520585075,256,1248,504)
(49610,2750127968141,384,1344,640)
(49611,628145688461,384,672,552)
(49612,206974630739,384,896,480)
(49613,2750128230061,256,1440,724)
(49614,628145950381,256,720,648)
(49615,2750128360877,384,960,644)
(49616,628146081197,384,768,552)
(49617,353268174509,256,576,600)
(49618,1653837248883,256,832,432)
(49619,346288142221,384,1344,560)
(49620,620092307341,384,512,416)
(49621,346288150189,256,1440,620)
(49622,414739191469,256,640,496)
(49623,346288151149,384,1536,568)
(49624,414739192429,384,512,416)
(49625,345214412461,256,512,464)
(49626,1238299162285,256,384,432)
(49627,825445431181,384,640,480)
(49628,825445439149,256,544,496)
(49629,825445439155,384,448,416)
(49630,1375201244845,256,384,464)
(49631,414788916339,384,2196,670)
(49632,688630826227,384,976,488)
(49633,688693233011,384,384,488)
(49634,1239522776435,384,1872,714)
(49635,1650770087155,384,1248,612)
(49636,344425279725,384,1008,636)
(49637,620093812973,384,448,464)
(49638,344541425901,384,2568,644)
(49639,344542196461,256,3096,652)
(49640,825446936813,384,384,464)
(49641,4673736339693,384,864,552)
(49642,4673737110253,256,1280,544)
(49643,1658285298931,384,576,552)
(49644,1658281170163,384,576,552)
(49645,3301110287731,384,1152,682)
(49646,619889691885,384,832,480)
(49647,344946200371,384,448,416)
(49648,2475249740659,256,1120,432)
(49649,2750128458989,384,1056,644)
(49650,628146179309,384,768,552)
(49651,344409394995,384,512,416)
(49652,2337814981491,256,512,320)
(49653,346288156909,384,1680,568)
(49654,414739198189,384,704,416)
(49655,696059539949,256,2016,504)
(49656,825445445869,384,384,416)
(49657,2749590778355,256,256,320)
(49658,1239396496483,256,768,520)
(49659,1650639678547,256,864,556)
(49660,1666745281875,256,576,520)
(49661,3300980528467,256,576,520)
(49662,1239396686947,256,1512,688)
(49663,1650639234131,256,768,568)
(49664,1651713416275,256,1728,660)
(49665,1658155410771,256,576,616)
(49666,1666745278035,256,384,432)
(49667,3300980397651,256,1152,688)
(49668,1239526970611,256,768,488)
(49669,1650233218291,256,576,568)
(49670,1666808124659,256,384,464)
(49671,3301106095475,256,576,500)
(49672,689758586227,256,2592,608)
(49673,1239514388083,256,864,748)
(49674,1239513871475,256,2160,704)
(49675,1650153653875,256,960,560)
(49676,1650220119155,256,2436,692)
(49677,1651831248115,256,864,724)
(49678,1658272785651,256,576,600)
(49679,1666795542131,256,576,464)
(49680,3301097707123,256,576,688)
(49681,3300970403227,256,576,432)
(49682,2751231366555,256,576,540)
(49683,1666862593267,256,960,608)
(49684,1666761995379,256,1608,632)
(49685,3301030856051,256,864,704)
(49686,1239526448243,256,2388,698)
(49687,1650697946227,256,384,628)
