(79000,693673954735,256,1728,496)
(79001,1243412991407,256,576,352)
(79002,621197571287,256,640,384)
(79003,620929168599,256,768,416)
(79004,346026003063,256,576,432)
(79005,620903909751,256,576,440)
(79006,215042363279,256,768,416)
(79007,1380839361979,256,640,384)
(79008,1655717268911,256,384,400)
(79009,827087500503,256,960,448)
(79010,825982306935,256,384,384)
(79011,827056048503,256,768,400)
(79012,1377143735855,256,1248,616)
(79013,1650947900975,256,384,416)
(79014,429812630651,256,3744,712)
(79015,418830124475,256,1488,512)
(79016,829535405615,256,992,512)
(79017,692634289595,256,640,384)
(79018,2269375251551,256,768,384)
(79019,692038178297,256,768,416)
(79020,1238581155321,256,1088,448)
(79021,345277548319,256,384,384)
(79022,1239671674655,256,1088,448)
(79023,1241802381087,256,768,416)
(79024,690422465979,256,384,384)
(79025,689889789371,256,704,384)
(79026,1654169114159,256,960,448)
(79027,1655779726511,256,384,472)
(79028,1650885432825,256,1152,512)
(79029,692570854905,256,512,384)
(79030,207838660383,256,576,432)
(79031,1243400410911,256,512,384)
(79032,415036993631,256,384,384)
(79033,210734624359,256,256,384)
(79034,1380901819935,256,576,464)
(79035,1380902340383,256,384,320)
(79036,1655779726623,256,384,536)
(79037,829502295839,256,1488,512)
(79038,418796048159,256,512,384)
(79039,1243404603167,256,512,384)
(79040,415544690107,256,768,432)
(79041,1380839362335,256,384,320)
(79042,413946660283,256,1152,456)
(79043,1379291207227,256,960,512)
(79044,1655779724591,256,576,488)
(79045,221425894511,352,1152,732)
(79046,247162160239,448,960,684)
(79047,253554279535,256,576,536)
(79048,253487678575,384,576,604)
(79049,253571048559,384,864,572)
(79050,678618498903,256,768,576)
(79051,648570504535,256,384,440)
(79052,678617978455,256,1152,740)
(79053,648686900823,256,864,832)
(79054,624599155799,256,3168,814)
(79055,446984242299,256,2320,664)
(79056,674323535447,256,960,776)
(79057,654497584215,256,2944,698)
(79058,624499524695,256,3464,806)
(79059,644812408647,256,1152,560)
(79060,654588816967,256,768,596)
(79061,644928808775,256,1280,772)
(79062,628836304583,256,2376,796)
(79063,644811507271,256,2816,768)
(79064,624590693959,256,768,792)
(79065,628835337799,256,2920,772)
(79066,631927637575,256,2960,788)
(79067,629780546887,256,3558,702)
(79068,662511920711,256,384,596)
(79069,654467843655,256,2128,572)
(79070,628768736839,256,3612,752)
(79071,624470165063,256,2952,794)
(79072,1654169634607,256,576,352)
(79073,1655780246959,256,384,400)
(79074,1169883178039,256,1600,536)
(79075,1169983325751,256,576,520)
(79076,1169982809143,256,768,536)
(79077,345277613727,256,576,400)
(79078,842104096159,256,1248,400)
(79079,1240208545439,256,1248,400)
(79080,1650914793119,256,512,320)
(79081,1243404605087,256,256,256)
(79082,692600215199,256,576,416)
(79083,415557272991,256,768,400)
(79084,1242339251871,256,832,352)
(79085,348182173791,256,768,400)
(79086,1651988534687,256,1184,416)
(79087,1243412993439,256,832,352)
(79088,690426791327,256,768,400)
(79089,1654643529375,256,576,352)
(79090,210747414623,256,768,440)
(79091,1655717270943,256,384,400)
(79092,831112908191,256,2144,496)
(79093,1380851944863,256,576,352)
(79094,827861550495,256,576,440)
(79095,1655721463199,256,384,400)
(79096,701301294315,384,2076,864)
(79097,731232371947,384,864,654)
(79098,714185164011,352,1404,828)
(79099,714085532907,256,576,540)
(79100,207925331371,384,1576,756)
(79101,207942100395,384,1408,576)
(79102,207974876587,352,1384,732)
(79103,207975647147,256,768,480)
(79104,1237959612843,256,384,504)
(79105,4540134955435,256,576,560)
(79106,1271586396587,256,384,464)
(79107,5498449533355,256,576,628)
(79108,414850682187,384,1788,772)
(79109,414838101579,384,2688,756)
(79110,413240071755,256,1664,620)
(79111,4537931158731,256,1440,700)
(79112,4537930966347,256,384,504)
(79113,4536320546379,256,1440,692)
(79114,4536857814095,256,864,596)
(79115,4475913932715,256,704,384)
(79116,2270565666731,256,1248,512)
(79117,413764363851,256,2040,716)
(79118,4536858584655,256,864,620)
(79119,1667590361003,256,576,432)
(79120,846177865643,256,576,416)
(79121,833530301675,256,384,320)
(79122,13203004300203,256,1056,580)
(79123,5532192717227,256,576,520)
(79124,1658138856683,256,768,512)
(79125,2475531373915,256,1088,496)
(79126,2285472157555,256,512,384)
(79127,700764423531,384,2076,864)
(79128,730695501163,384,864,654)
(79129,713648293227,352,1404,828)
(79130,713548662123,256,576,540)
(79131,747337975275,256,960,608)
(79132,207922711859,384,1344,756)
(79133,207973027635,384,768,576)
(79134,207872625971,352,1056,732)
(79135,207939480883,256,384,480)
(79136,208005006779,256,768,520)
(79137,1237926844731,256,4356,724)
(79138,701300773979,256,832,512)
(79139,726937027675,256,384,472)
(79140,701200761947,256,384,560)
(79141,701300393051,256,384,400)
(79142,1254429435471,256,1440,688)
(79143,4544373859919,256,864,568)
(79144,5500004601067,256,576,636)
(79145,714068755915,256,864,580)
(79146,731232110027,256,1008,626)
(79147,714118301131,256,1776,800)
(79148,699153810891,256,3436,848)
(79149,1668073694603,256,576,712)
(79150,413764717683,256,1856,620)
(79151,413714728051,256,1200,560)
(79152,413764527219,256,2240,676)
(79153,413764273267,256,768,480)
(79154,688678553011,256,256,504)
(79155,691961698731,256,576,730)
(79156,1239508097451,256,256,464)
(79157,4475905681295,256,768,432)
(79158,415011882907,256,1152,432)
(79159,345279600539,256,1152,496)
(79160,417159358363,256,704,384)
(79161,417159366331,256,512,400)
(79162,2338008369595,256,672,520)
(79163,721962441195,256,2208,734)
(79164,8936087394795,256,960,464)
(79165,4468448470703,256,864,504)
(79166,2269492324015,256,832,464)
(79167,209521264051,256,256,504)
(79168,1650214345131,256,384,628)
(79169,241731421627,256,2172,724)
(79170,9346793642475,256,1680,712)
(79171,1254429431387,256,864,500)
(79172,4544373986895,256,576,488)
(79173,5498930794091,256,384,524)
(79174,1254492341855,256,3888,700)
(79175,4544403346527,256,1608,616)
(79176,5500054865275,256,960,712)
(79177,4540151732539,256,1680,560)
(79178,1271586658619,256,2144,632)
(79179,5498466310459,256,1056,712)
(79180,653916226995,256,576,730)
(79181,2271105027507,256,256,464)
(79182,2750262316467,256,384,628)
(79183,207844841371,256,384,384)
(79184,2303184112059,256,1728,734)
(79185,2303315185083,256,1392,632)
(79186,6598581882299,256,960,628)
(79187,417692178555,256,768,520)
(79188,345244768891,256,384,352)
(79189,345246833275,256,2016,540)
(79190,1254429435227,256,1680,688)
(79191,4544373990735,256,864,600)
(79192,5500004601179,256,576,580)
(79193,1670811588027,256,1248,512)
(79194,4952439232939,256,576,650)
(79195,5500047563179,256,384,520)
(79196,1683903060395,256,384,520)
(79197,2338092422491,256,1184,496)
(79198,2475531375835,256,640,384)
(79199,415548688283,256,1488,512)
(79200,345283792795,256,1152,496)
(79201,417696163739,256,640,384)
(79202,417696171707,256,1088,496)
(79203,2338092160459,256,1440,552)
(79204,1376019749979,256,768,520)
(79205,4982501906923,256,1152,606)
(79206,13196626860523,256,1152,456)
(79207,9363368548843,256,768,504)
(79208,418765784507,256,1824,512)
(79209,1177370856819,256,384,384)
(79210,2272587517299,256,576,496)
(79211,4475905674739,256,768,432)
(79212,2285472353779,256,1440,520)
(79213,346294437245,256,384,352)
(79214,13198709348667,256,1152,540)
(79215,5532192725307,256,960,504)
(79216,1186497408243,256,1184,496)
(79217,346288148861,256,384,352)
(79218,4471619891439,256,576,400)
(79219,1185969909999,256,1872,528)
(79220,6631735791407,256,1152,560)
(79221,11012602433327,256,864,488)
(79222,413128772399,256,384,352)
(79223,414850696271,256,576,400)
(79224,414842307675,256,1152,480)
(79225,8934422775215,256,3928,660)
(79226,8934506145199,256,2480,544)
(79227,8934539175343,256,3156,652)
(79228,413776954459,256,960,480)
(79229,4537931424847,256,1296,604)
(79230,4537931941099,256,832,624)
(79231,3316012754511,256,576,500)
(79232,5506446265579,256,576,512)
(79233,4537961301087,256,2076,692)
(79234,4537948718203,256,3608,724)
(79235,2285480617871,256,768,480)
(79236,4475913938831,256,1472,496)
(79237,4475914327727,256,864,540)
(79238,2285481006767,256,1408,520)
(79239,2371112961455,256,4816,648)
(79240,8942412924335,256,576,400)
(79241,2371229361583,256,2160,638)
(79242,8942529324463,256,640,384)
(79243,2371129476527,256,1296,506)
(79244,8951019120047,256,256,256)
(79245,2371229107631,256,2884,624)
(79246,8951052150191,256,1248,440)
(79247,4475914331567,256,2792,520)
(79248,2285481010607,256,960,480)
(79249,10995944162735,256,3672,632)
(79250,10996060562863,256,1584,616)
(79251,10995960677807,256,864,460)
(79252,10996060308911,256,2752,644)
(79253,1254429429355,256,1440,688)
(79254,4544373859563,256,512,544)
(79255,5498393988715,256,864,648)
(79256,2371241938351,256,1600,512)
(79257,8951064282543,256,2152,600)
(79258,2371258453423,256,1520,496)
(79259,8951081051567,256,1632,512)
(79260,10996073139631,256,1152,664)
(79261,10996089654703,256,1392,604)
(79262,413680327247,256,384,432)
(79263,417692170831,256,576,432)
(79264,211059680687,256,256,256)
(79265,210793342383,256,864,440)
(79266,4537931551823,256,1296,652)
(79267,4537932326223,256,1296,660)
(79268,4536857617515,256,576,456)
(79269,4537932322027,256,768,592)
(79270,4536320812139,256,1296,644)
(79271,1254429435115,256,640,480)
(79272,4540079416555,256,1760,584)
(79273,5500004601423,256,864,632)
(79274,3316012750427,256,1296,658)
(79275,5506446069355,256,576,576)
(79276,5506446265935,256,384,520)
(79277,4536321709675,256,1296,668)
(79278,1254429365867,256,1680,688)
(79279,4544373790315,256,384,432)
(79280,5498930859611,256,864,664)
(79281,1667590375087,256,768,480)
(79282,1667590819503,256,848,496)
(79283,1393786209967,256,1824,592)
(79284,1667590819259,256,1408,544)
(79285,846177879727,256,864,496)
(79286,846178324143,256,704,384)
(79287,842153627535,256,640,384)
(79288,2271102668687,256,960,512)
(79289,842153889455,256,704,384)
(79290,2271102930607,256,960,464)
(79291,2491370737551,256,1440,480)
(79292,2286017613711,256,960,512)
(79293,2766240255887,256,1088,432)
(79294,2287082966927,256,384,320)
(79295,2766248513423,256,1600,496)
(79296,2287091224463,256,1152,512)
(79297,345228185487,256,576,432)
(79298,2491370999471,256,864,540)
(79299,2286017875631,256,1440,560)
(79300,2766240517807,256,576,504)
(79301,2287083228847,256,640,464)
(79302,2475531504975,256,960,480)
(79303,2475532289375,256,976,496)
(79304,2766399409519,256,1152,594)
(79305,6601788427631,256,1152,456)
(79306,4956832730479,256,768,512)
(79307,6631719472559,256,2400,648)
(79308,11012586114479,256,2576,540)
(79309,11012585670063,256,2048,584)
(79310,2766248906159,256,3232,520)
(79311,2287091617199,256,1872,528)
(79312,6631735797167,256,864,506)
(79313,11012602629551,256,576,368)
(79314,11012602439087,256,576,440)
(79315,346026217303,256,512,384)
(79316,1177369741559,256,640,384)
(79317,1177369218231,256,768,464)
(79318,346294437495,256,256,320)
(79319,4477528674191,256,1152,512)
(79320,6601687797039,256,1320,620)
(79321,3316037815599,256,960,576)
(79322,6631748373935,256,1632,560)
(79323,11012615015855,256,1328,536)
(79324,825996971863,256,640,384)
(79325,346288149111,256,384,384)
(79326,346288152951,256,384,352)
(79327,414968071263,256,768,464)
(79328,414967874683,256,1152,520)
(79329,4536875107451,256,2244,700)
(79330,1254479889787,256,2256,778)
(79331,4544390763643,256,1512,632)
(79332,5498444449147,256,1584,736)
(79333,3316130254203,256,1320,698)
(79334,5506563575163,256,960,576)
(79335,345279612703,256,576,496)
(79336,1170987684959,256,960,480)
(79337,2270465758303,256,1312,496)
(79338,1254479758971,256,4224,700)
(79339,4544390636667,256,960,632)
(79340,5498981123707,256,2812,704)
(79341,207844853535,256,512,464)
(79342,1667590375199,256,768,480)
(79343,1667590819615,256,832,464)
(79344,846177879839,256,1440,600)
(79345,846178324255,256,1152,432)
(79346,3316130063739,256,1152,594)
(79347,5506563444347,256,1520,512)
(79348,5506563384699,256,1520,504)
(79349,1670811588383,256,576,464)
(79350,1670811588271,256,576,432)
(79351,833531282655,256,1152,432)
(79352,829269869791,256,1632,560)
(79353,1383270319327,256,960,480)
(79354,2478486979807,256,960,464)
(79355,2338092553551,256,960,480)
(79356,2338093335919,256,864,464)
(79357,2783445617967,256,1320,682)
(79358,10997570571567,256,960,536)
(79359,9354745580847,256,960,576)
(79360,418769913519,256,512,384)
(79361,1177368766695,256,256,384)
(79362,1177368759975,256,384,496)
(79363,345214633759,256,384,384)
(79364,6599525633831,256,864,540)
(79365,2766267322151,256,576,512)
(79366,1254479890031,256,1680,698)
(79367,4544390767727,256,1472,600)
(79368,5498981320287,256,576,580)
(79369,1670811586351,256,640,400)
(79370,734452433999,256,864,528)
(79371,413894263931,256,768,480)
(79372,717289981263,256,768,480)
(79373,734452814927,256,1152,650)
(79374,717305848911,256,1392,736)
(79375,702374515791,256,1944,752)
(79376,4537948849263,256,1832,660)
(79377,734452687951,256,960,698)
(79378,728010769487,256,2016,686)
(79379,702274503759,256,2616,748)
(79380,1256347256623,256,1248,560)
(79381,1255273959227,256,960,504)
(79382,4537961235567,256,384,456)
(79383,4536350819439,256,1896,648)
