(3000,2285201624572,256,1024,480)
(3001,2268558691836,256,1024,512)
(3002,206974395900,256,960,512)
(3003,206974405884,256,768,512)
(3004,207033110012,256,1024,496)
(3005,206970197500,256,1024,528)
(3006,207016638690,384,864,808)
(3007,346044272545,256,3392,792)
(3008,623069663013,256,1568,708)
(3009,1172825214757,256,576,690)
(3010,1177158923185,256,1912,750)
(3011,1177100217137,256,4624,784)
(3012,1177158935349,256,1312,676)
(3013,206970743596,256,384,722)
(3014,206970775340,256,384,578)
(3015,206970874662,256,384,666)
(3016,635953520545,256,1816,704)
(3017,2272336318245,256,384,512)
(3018,4471359065893,256,1184,632)
(3019,4469211844389,256,1184,632)
(3020,4471359319845,256,384,596)
(3021,627363712929,256,384,600)
(3022,635953139617,256,576,656)
(3023,623068303137,384,2264,860)
(3024,346043305761,256,4832,872)
(3025,623119208229,256,960,640)
(3026,623068892453,448,1472,844)
(3027,1172824698149,256,864,792)
(3028,623119017765,448,2368,892)
(3029,1172874569509,448,768,876)
(3030,1202872692517,384,1824,768)
(3031,623097793829,384,2808,792)
(3032,620950572325,256,1056,750)
(3033,623131594533,384,2952,836)
(3034,1172887146277,384,864,812)
(3035,1202884824869,384,2736,836)
(3036,653129273125,256,1968,812)
(3037,1169653606193,416,3212,1004)
(3038,1172874438449,352,1320,948)
(3039,346043490177,416,2360,960)
(3040,620921266049,384,1304,950)
(3041,1202872688433,384,2452,864)
(3042,1169653796657,384,1904,784)
(3043,1172874628913,384,864,770)
(3044,1202872307505,384,2416,900)
(3045,378238979889,384,2272,908)
(3046,346043109249,352,2480,972)
(3047,1169653352241,448,2672,924)
(3048,1172874565425,384,576,770)
(3049,1202872561457,256,2240,792)
(3050,346106204065,256,1568,776)
(3051,653128880033,256,3408,740)
(3052,2338924694764,256,256,480)
(3053,636219509996,256,384,384)
(3054,859297787809,384,1152,584)
(3055,842126176161,384,512,464)
(3056,842109407137,256,384,384)
(3057,859272761249,256,1344,520)
(3058,688007073586,256,576,624)
(3059,416228369733,384,384,616)
(3060,1237762625324,256,1216,734)
(3061,1237762879282,256,1248,680)
(3062,1237762879276,256,1680,760)
(3063,414785916209,480,2496,956)
(3064,414785916453,480,1272,800)
(3065,825483906597,480,928,680)
(3066,414786049301,432,1632,800)
(3067,414785918485,432,1368,824)
(3068,414786831669,384,1584,632)
(3069,414903227957,384,768,640)
(3070,825483912469,432,1120,896)
(3071,825609479477,384,512,544)
(3072,691764711218,448,2048,712)
(3073,623313669938,448,3320,840)
(3074,1173069475628,384,1872,792)
(3075,1650079289138,448,1280,648)
(3076,344409860466,256,864,660)
(3077,2268554808234,256,2496,728)
(3078,344409856626,256,576,716)
(3079,1169065056492,256,768,572)
(3080,344410377074,256,576,572)
(3081,2268554808172,256,1312,704)
(3082,414903219989,256,960,716)
(3083,825467914005,256,960,700)
(3084,2268576159980,384,1152,764)
(3085,344431347954,256,1248,512)
(3086,2268576033004,256,1152,744)
(3087,2270473653484,256,576,600)
(3088,1375281286380,256,864,708)
(3089,827064962849,256,3496,668)
(3090,416161762657,512,1440,832)
(3091,416228363617,384,1216,696)
(3092,416933518885,256,384,544)
(3093,414777519889,256,1056,760)
(3094,416933137957,512,960,680)
(3095,414785904401,512,1632,840)
(3096,825492283141,256,768,616)
(3097,825483898629,512,1200,752)
(3098,416933391909,544,1184,760)
(3099,414760750865,544,2448,984)
(3100,825467129605,544,1248,784)
(3101,414886450965,544,1680,744)
(3102,414786819861,544,1680,760)
(3103,416245917285,256,256,504)
(3104,414936778549,256,768,576)
(3105,2753349022477,256,512,480)
(3106,691827634957,256,1488,744)
(3107,825517459221,544,1216,784)
(3108,825643026229,256,384,464)
(3109,3300957352717,256,384,384)
(3110,2341044744973,256,960,624)
(3111,653382864114,256,1728,660)
(3112,4673757334770,256,576,588)
(3113,1237763010342,256,1248,784)
(3114,416933524757,416,1792,928)
(3115,414785918129,416,4266,1116)
(3116,825483912357,416,888,824)
(3117,623313800998,352,3424,864)
(3118,1173069606694,256,2320,896)
(3119,1650079420198,352,1152,672)
(3120,688007206678,256,928,624)
(3121,1169191941350,256,384,512)
(3122,619288546094,256,576,512)
(3123,619436389606,384,1872,688)
(3124,2268603001062,384,1296,836)
(3125,416128734545,512,2112,944)
(3126,416228365649,256,1152,616)
(3127,1237762631446,384,2000,812)
(3128,1237763020342,384,1872,780)
(3129,1169043581230,256,2036,900)
(3130,1237763540790,384,2496,748)
(3131,4467578202926,256,1536,768)
(3132,414903219633,384,1152,732)
(3133,417033672469,384,704,640)
(3134,825467913893,384,384,544)
(3135,416933518641,432,2832,970)
(3136,416907972369,432,2532,1080)
(3137,416933137713,480,2160,952)
(3138,416933125905,480,2112,960)
(3139,825492282785,432,960,728)
(3140,825483898273,480,800,680)
(3141,416933391665,384,2080,816)
(3142,416908226321,384,2840,880)
(3143,825467129249,384,1024,544)
(3144,416933139633,432,2400,984)
(3145,416933139989,432,1280,824)
(3146,414786819505,432,5274,972)
(3147,417033926421,432,1440,840)
(3148,414886450609,480,3024,896)
(3149,416967071509,480,1376,800)
(3150,825467004549,432,3000,896)
(3151,825525716645,432,1312,728)
(3152,825517459109,480,832,680)
(3153,416933532725,432,1512,800)
(3154,414760752785,432,4068,1064)
(3155,416967083317,480,1472,768)
(3156,414836233905,480,2832,978)
(3157,825467135365,432,2016,896)
(3158,825525847461,480,992,680)
(3159,1169191941518,256,1152,624)
(3160,619452904846,256,576,540)
(3161,1169124924046,256,2232,756)
(3162,624191670430,384,576,628)
(3163,2478504650545,384,4248,896)
(3164,2475283818289,256,1968,868)
(3165,416966938417,256,2160,752)
(3166,825467899809,256,384,464)
(3167,417033920305,512,2256,832)
(3168,417033539377,512,2136,888)
(3169,825584299937,512,928,600)
(3170,827152633761,256,2736,628)
(3171,417033934389,544,1504,744)
(3172,416966940337,544,3400,936)
(3173,2753349022121,384,1216,560)
(3174,1658132361641,384,2208,684)
(3175,691827634601,384,2064,840)
(3176,825467651973,544,2040,784)
(3177,3300957352361,384,832,464)
(3178,2341044744617,384,1392,708)
(3179,1245828084137,384,896,576)
(3180,416908234289,544,1920,940)
(3181,416933387825,544,1952,880)
(3182,416983453489,384,1968,788)
(3183,416933908273,384,1904,784)
(3184,825466990465,544,1280,784)
(3185,825517445025,384,384,520)
(3186,826020310913,256,2688,852)
(3187,827093921665,384,2696,892)
(3188,2478492454705,384,1680,828)
(3189,2478517227313,384,1248,816)
(3190,2475296395057,384,1152,840)
(3191,416925003313,256,2224,912)
(3192,417050308401,384,2712,780)
(3193,825466736513,256,832,700)
(3194,825584045985,384,512,512)
(3195,2478508969777,256,768,720)
(3196,827077152641,256,2952,836)
(3197,827127861153,256,1216,580)
(3198,2478487881521,256,576,782)
(3199,2478488262449,256,768,616)
(3200,2475267049265,256,576,788)
(3201,416229148017,384,576,640)
(3202,416934303285,512,1472,680)
(3203,416983455409,512,2208,852)
(3204,417050703413,256,384,520)
(3205,416933910193,256,1248,688)
(3206,417034454837,384,1216,616)
(3207,414903736241,384,1800,758)
(3208,825584052101,512,1184,752)
(3209,825592436613,256,832,616)
(3210,825642764197,384,672,520)
(3211,2476336208777,256,384,432)
(3212,2751205727113,256,3280,688)
(3213,833511218057,256,4704,700)
(3214,206971250604,256,384,614)
(3215,1169042814898,256,576,604)
(3216,344409815276,256,992,648)
(3217,344433665637,256,768,576)
(3218,346020308757,448,1344,696)
(3219,346021218101,256,832,576)
(3220,346020745132,256,960,528)
(3221,623045091250,256,2552,688)
(3222,206971381670,256,384,544)
(3223,619287722214,384,1408,676)
(3224,620898652070,256,864,556)
(3225,619287001060,256,576,608)
(3226,623045433109,352,2064,776)
(3227,348167922997,352,1728,776)
(3228,1169042874296,256,2192,708)
(3229,1172800905020,256,1344,620)
(3230,207167473078,384,1136,690)
(3231,619288110998,256,1088,660)
(3232,2268701691318,384,1136,644)
(3233,1169043011478,256,2552,696)
(3234,1172800911030,256,576,616)
(3235,2285243567542,256,1056,552)
(3236,346019706836,256,2096,720)
(3237,623045431077,384,1344,672)
(3238,623045812005,256,960,576)
(3239,623074713381,256,1152,700)
(3240,619311318373,384,1440,616)
(3241,623045698869,448,1280,696)
(3242,623046215477,384,1312,672)
(3243,619824462044,384,1888,624)
(3244,620898203862,256,864,636)
(3245,620902173910,256,864,536)
(3246,1169055457180,256,1888,608)
(3247,1172813487798,256,864,632)
(3248,1172800970428,256,2400,640)
(3249,207167368044,448,2404,870)
(3250,207057357292,448,1824,820)
(3251,207167499110,352,1680,900)
(3252,215193626291,256,512,496)
(3253,352611733411,256,384,432)
(3254,215047088003,256,384,632)
(3255,215193364371,256,512,544)
(3256,352511657891,256,576,552)
(3257,2270295186345,256,3152,696)
(3258,210741197571,256,3520,784)
(3259,2276612072339,256,1584,672)
(3260,2270295192461,256,1824,608)
(3261,620927351109,256,1760,676)
(3262,207018703074,384,864,728)
(3263,207110847202,448,2120,996)
(3264,207108782818,448,1504,916)
(3265,207117171170,448,1216,808)
(3266,207056473826,448,1024,876)
(3267,207108781964,544,1996,970)
(3268,207108781970,384,1824,826)
(3269,207022897356,480,1248,914)
(3270,207056447948,512,1216,804)
(3271,207117170566,512,1552,828)
(3272,344995473283,256,256,552)
(3273,4468163815331,256,960,680)
(3274,4468164005795,256,1088,656)
(3275,414837184172,544,864,664)
(3276,346386142892,544,2640,930)
(3277,209484060332,544,1264,868)
(3278,346386143852,384,1968,838)
(3279,414837185132,384,384,520)
(3280,209484061292,384,1536,724)
(3281,209484254580,384,768,708)
(3282,414837378420,384,768,748)
(3283,209486220664,480,1392,788)
(3284,414839344504,480,1120,836)
(3285,1177364631468,256,576,568)
(3286,4536834549366,256,1184,528)
(3287,361341988082,256,256,416)
(3288,619308338404,256,864,608)
(3289,619308592356,448,2384,784)
(3290,619369106916,448,2528,832)
(3291,416278685509,384,384,648)
(3292,346310151908,384,1440,752)
(3293,346312249058,384,960,632)
(3294,621190155746,256,1488,704)
(3295,825469538018,384,768,584)
(3296,344430438610,384,1760,648)
(3297,2268575779052,256,768,608)
(3298,416278685153,384,640,712)
(3299,346309479628,384,2160,728)
(3300,620113644748,384,768,512)
(3301,1177385635052,256,256,472)
(3302,346288158604,256,2216,688)
(3303,1245815672748,256,576,472)
(3304,620092323724,256,576,472)
(3305,825466768588,384,960,656)
(3306,3299367914732,256,576,626)
(3307,3299346911148,256,1152,674)
(3308,825445447564,256,576,614)
(3309,344431336146,384,1760,656)
(3310,2268576680434,256,864,668)
(3311,2268576680428,256,864,748)
(3312,4468383508086,256,1712,656)
(3313,2474713590670,256,1248,742)
(3314,416229134177,384,864,696)
(3315,416228617569,512,960,816)
(3316,346326248652,512,2480,808)
(3317,414777289932,512,832,600)
(3318,621206215884,256,640,652)
(3319,378530114796,256,1824,684)
(3320,1185975315698,256,384,528)
(3321,1203138669804,256,960,656)
(3322,825517084364,512,2544,816)
(3323,4673757588722,256,864,716)
(3324,5498391043308,256,576,772)
(3325,619335563462,448,3200,848)
(3326,621187386566,256,1968,712)
(3327,619369110214,448,2960,808)
(3328,619436127686,256,2688,632)
(3329,2268636547814,256,4132,796)
(3330,416278681425,480,1440,880)
(3331,1169130064110,384,576,620)
(3332,2337274742390,256,1488,672)
(3333,1169091377294,256,5450,756)
(3334,1169123772846,384,2176,748)
(3335,619436919150,384,4844,628)
(3336,1169192720046,384,1704,840)
(3337,619434822062,256,2920,540)
(3338,1169190623918,256,2232,780)
(3339,1169190107310,256,576,700)
(3340,825494718243,384,384,520)
(3341,414788470563,384,2832,802)
(3342,688592635683,384,832,656)
(3343,619441113326,384,1248,584)
(3344,2268708022510,384,1296,820)
(3345,2268708539118,256,4304,744)
(3346,826031581059,256,1152,648)
(3347,2491404292003,256,1248,596)
(3348,2491404101539,256,768,536)
(3349,6598466578339,256,576,620)
(3350,420037043317,384,384,548)
(3351,2749595120521,384,640,560)
(3352,696063882121,384,5016,804)
(3353,833498641289,384,2424,684)
(3354,2338888872841,384,2592,704)
(3355,2476323632009,384,576,464)
(3356,421194363785,384,2304,672)
(3357,696122598307,256,1392,722)
(3358,1651689913091,256,640,488)
(3359,696072270723,256,7524,756)
(3360,2757656564621,256,864,632)
(3361,344433403717,384,1536,632)
(3362,344433403361,384,960,608)
(3363,2268554760108,256,384,508)
(3364,1169042815858,256,576,508)
(3365,206970140588,256,384,526)
(3366,4467577888684,256,832,496)
(3367,4467577761708,256,1648,576)
(3368,344432501985,384,1056,640)
(3369,344433399521,512,1536,712)
(3370,361052090284,256,1648,576)
(3371,4467577892774,256,1120,596)
(3372,619310789957,480,1640,768)
(3373,4469188308902,256,1120,596)
(3374,206970971254,384,576,654)
(3375,1169044153590,256,384,516)
(3376,619287016334,256,384,516)
(3377,4467577894806,256,1552,584)
(3378,4467577775798,256,768,496)
(3379,619288503734,384,1680,724)
(3380,2268555158966,256,1056,632)
(3381,619288499894,256,992,684)
(3382,2268555028150,256,992,600)
(3383,4467578156726,256,576,544)
(3384,623045425366,256,1552,584)
(3385,352462737084,256,1968,632)
(3386,619287460750,256,1680,632)
(3387,627340644022,256,992,600)
(3388,1169043790716,256,1312,544)
(3389,619288347894,384,1648,704)
(3390,2268555257078,256,1216,616)
(3391,2268555773686,256,1248,552)
(3392,352462966012,256,1216,616)
(3393,1169043796726,256,1152,552)
(3394,344462771317,384,1344,640)
(3395,635930062742,256,1440,512)
(3396,361052155804,256,576,536)
(3397,619825375478,384,1184,640)
(3398,635930070710,256,960,512)
(3399,620899113206,384,1152,684)
(3400,361052163772,256,576,552)
(3401,361052544700,256,2400,576)
(3402,635930451638,256,864,560)
(3403,2270169599702,256,576,512)
(3404,207511403222,256,1440,512)
(3405,620960878038,256,384,536)
(3406,627345001718,256,512,512)
(3407,344946167478,256,960,512)
(3408,344410076021,256,1888,528)
(3409,620961139958,256,576,552)
(3410,2274781599907,480,1176,1006)
(3411,206991473346,432,1216,980)
(3412,207110878946,384,1328,796)
(3413,207119267298,256,832,608)
(3414,207123328738,352,1024,822)
(3415,207123455714,448,1024,744)
(3416,207108750220,256,928,770)
(3417,207009000108,360,2292,1074)
(3418,207009163628,256,512,616)
(3419,207009127090,416,1240,950)
(3420,207009130930,384,768,720)
(3421,207009032818,256,1344,694)
(3422,207167335340,384,1640,838)
(3423,207009000114,384,1136,798)
(3424,207167462316,256,1136,686)
(3425,207056455916,384,768,716)
(3426,207073256684,448,960,816)
(3427,207073224940,352,960,888)
(3428,207057389036,448,1824,892)
(3429,207056479692,384,1776,724)
(3430,207023679724,448,1344,978)
(3431,207056709868,384,768,736)
(3432,207023679730,448,992,826)
(3433,207056709874,256,576,584)
(3434,207173757420,416,1408,884)
(3435,207173626604,416,1776,860)
(3436,207173658348,384,1216,708)
(3437,344994950915,256,256,568)
(3438,207123521228,384,768,632)
